1560393549135132241,5655278,5634601
1560393549235340078,5655278,5634601
1560393549335518424,5655278,5634601
1560393549435702204,5655278,5634601
1560393549535875578,5655278,5634601
1560393549636078397,5655278,5634600
1560393549736270323,5655278,5634600
1560393549836409825,5655278,5634600
1560393549936552714,5655278,5634600
1560393550046925342,5655278,5634600
1560393550147114484,5655278,5634600
1560393550247253104,5655278,5634600
1560393550347415764,5655278,5634600
1560393550447557544,5655278,5634600
1560393550547753546,5655278,5634600
1560393550647912181,5655278,5634600
1560393550748093598,5655278,5634600
1560393550848223239,5655279,5634600
1560393550948559469,5655278,5634600
1560393551048753249,5655278,5634600
1560393551148949070,5655278,5634600
1560393551249088042,5655278,5634600
1560393551349229124,5655278,5634600
1560393551449409122,5655278,5634600
1560393551549628182,5655278,5634600
1560393551649779767,5655278,5634599
1560393551749989523,5655278,5634600
1560393551850158574,5655278,5634600
1560393551950437709,5655278,5634600
1560393552050637496,5655278,5634600
1560393552150827490,5655278,5634600
1560393552250993941,5655278,5634600
1560393552351137834,5655278,5634600
1560393552451297740,5655278,5634600
1560393552551441499,5655278,5634600
1560393552651660197,5655278,5634600
1560393552751852739,5655278,5634600
1560393552852008892,5655278,5634600
1560393552952241394,5655278,5634600
1560393553052409946,5655278,5634600
1560393553152829197,5655278,5634600
1560393553253061530,5655278,5634600
1560393553353209812,5655278,5634600
1560393553453389950,5655278,5634600
1560393553553569080,5655278,5634600
1560393553653744530,5655278,5634600
1560393553753895081,5655278,5634600
1560393553854053897,5655277,5634600
1560393553954221080,5655277,5634600
1560393554054410616,5655277,5634600
1560393554156163295,5655277,5634600
1560393554256306872,5655277,5634601
1560393554356482041,5655277,5634601
1560393554456688257,5655277,5634601
1560393554556852294,5655277,5634601
1560393554657059422,5655277,5634601
1560393554757232454,5655277,5634601
1560393554857376484,5655277,5634601
1560393554957527098,5655277,5634601
1560393555057742855,5655277,5634601
1560393555157981509,5655277,5634601
1560393555258146300,5655277,5634601
1560393555358366854,5655277,5634601
1560393555458539368,5655277,5634601
1560393555558710918,5655277,5634601
1560393555658952617,5655277,5634601
1560393555759184504,5655277,5634601
1560393555859485318,5655277,5634601
1560393555959739244,5655277,5634601
1560393556060031846,5655277,5634601
1560393556160188143,5655276,5634601
1560393556260337676,5655277,5634601
1560393556360530222,5655276,5634601
1560393556460695074,5655276,5634601
1560393556560876018,5655276,5634601
1560393556661008562,5655276,5634601
1560393556761207885,5655276,5634601
1560393556861372739,5655276,5634601
1560393556961536257,5655276,5634602
1560393557061688956,5655276,5634602
1560393557161833996,5655276,5634602
1560393557261997408,5655276,5634602
1560393557362174873,5655276,5634602
1560393557462353033,5655276,5634602
1560393557562533397,5655276,5634602
1560393557662719389,5655276,5634601
1560393557762866389,5655276,5634601
1560393557863013365,5655276,5634601
1560393557963152564,5655276,5634601
1560393558063333225,5655276,5634601
1560393558163482281,5655276,5634601
1560393558263671609,5655276,5634601
1560393558363856707,5655277,5634601
1560393558464053200,5655277,5634601
1560393558564248299,5655277,5634601
1560393558664421870,5655277,5634601
1560393558764524373,5655277,5634601
1560393558864733484,5655277,5634601
1560393558964859615,5655277,5634601
1560393559065018864,5655277,5634601
1560393559165187297,5655277,5634600
1560393559265369599,5655277,5634600
1560393559365527897,5655277,5634600
1560393559465682800,5655277,5634600
1560393559565859658,5655277,5634600
1560393559666052142,5655277,5634600
1560393559766228691,5655277,5634600
1560393559866423273,5655277,5634600
1560393559966558236,5655277,5634600
1560393560066784158,5655277,5634600
1560393560167011456,5655277,5634600
1560393560267154435,5655277,5634600
1560393560367286021,5655277,5634600
1560393560467464336,5655277,5634600
1560393560567630168,5655278,5634600
1560393560667803949,5655278,5634600
1560393560767977680,5655278,5634600
1560393560868107890,5655278,5634600
1560393560968279007,5655278,5634600
1560393561068429870,5655278,5634600
1560393561168621809,5655278,5634600
1560393561268761554,5655278,5634600
1560393561368906971,5655278,5634599
1560393561469046388,5655278,5634600
1560393561569213911,5655278,5634600
1560393561669356039,5655278,5634600
1560393561769496372,5655278,5634600
1560393561869670177,5655278,5634600
1560393561969889334,5655279,5634600
1560393562070060886,5655278,5634600
1560393562170247632,5655278,5634600
1560393562270445805,5655278,5634600
1560393562370606885,5655278,5634600
1560393562470782034,5655278,5634600
1560393562570925434,5655278,5634600
1560393562671096603,5655278,5634600
1560393562771294183,5655278,5634600
1560393562871480282,5655278,5634600
1560393562971634997,5655278,5634600
1560393563071904710,5655278,5634600
1560393563172066276,5655278,5634600
1560393563272221953,5655278,5634600
1560393563372369249,5655278,5634600
1560393563472570022,5655278,5634600
1560393563572726187,5655278,5634600
1560393563672893909,5655278,5634600
1560393563773034212,5655278,5634600
1560393563873411525,5655278,5634600
1560393563973628617,5655278,5634600
1560393564073883910,5655278,5634600
1560393564179653149,5655278,5634600
1560393564279826541,5655278,5634600
1560393564380037707,5655278,5634601
1560393564480181119,5655278,5634601
1560393564580386347,5655278,5634601
1560393564680558771,5655278,5634601
1560393564780703588,5655278,5634601
1560393564880876461,5655278,5634601
1560393564981014733,5655277,5634601
1560393565081177964,5655277,5634601
1560393565181330932,5655277,5634601
1560393565281526142,5655277,5634601
1560393565381695665,5655277,5634601
1560393565481945343,5655277,5634601
1560393565582126090,5655277,5634601
1560393565682287322,5655277,5634601
1560393565782483963,5655277,5634601
1560393565882645346,5655277,5634601
1560393565982793269,5655277,5634601
1560393566082954080,5655277,5634601
1560393566183093826,5655277,5634601
1560393566283238101,5655277,5634601
1560393566383419817,5655277,5634601
1560393566483547058,5655277,5634601
1560393566583713924,5655277,5634601
1560393566683872009,5655277,5634601
1560393566784077376,5655277,5634601
1560393566884262412,5655277,5634601
1560393566984451717,5655277,5634602
1560393567084625839,5655277,5634602
1560393567184805729,5655277,5634602
1560393567285007940,5655276,5634602
1560393567385147076,5655276,5634602
1560393567485306940,5655276,5634602
1560393567585485453,5655276,5634602
1560393567685637153,5655276,5634602
1560393567785820374,5655276,5634602
1560393567885947688,5655276,5634601
1560393567986125102,5655276,5634601
1560393568086292844,5655277,5634601
1560393568186466825,5655277,5634601
1560393568286605036,5655277,5634601
1560393568386752423,5655277,5634601
1560393568486908345,5655277,5634601
1560393568587093187,5655277,5634601
1560393568687247428,5655277,5634601
1560393568787385699,5655277,5634601
1560393568887531304,5655277,5634601
1560393568987654371,5655277,5634601
1560393569087817427,5655277,5634601
1560393569187949178,5655277,5634600
1560393569288083072,5655277,5634600
1560393569388222035,5655277,5634600
1560393569488380411,5655277,5634600
1560393569588525716,5655278,5634600
1560393569688718342,5655278,5634600
1560393569788959795,5655278,5634600
1560393569889345800,5655278,5634600
1560393569989582645,5655278,5634600
1560393570089919912,5655278,5634600
1560393570190240828,5655278,5634600
1560393570290505625,5655278,5634600
1560393570390647078,5655278,5634600
1560393570490922081,5655278,5634600
1560393570591111634,5655278,5634600
1560393570691258555,5655278,5634600
1560393570791380176,5655278,5634600
1560393570891554592,5655278,5634600
1560393570991697779,5655278,5634600
1560393571091823428,5655278,5634600
1560393571191965162,5655278,5634600
1560393571292104994,5655278,5634600
1560393571392257661,5655278,5634600
1560393571492427902,5655279,5634600
1560393571592584692,5655278,5634600
1560393571692788019,5655278,5634600
1560393571792942888,5655278,5634600
1560393571993335899,5656473,5635558
1560393572093547405,5660125,5639163
1560393572193722477,5666271,5645326
1560393572293863352,5672834,5651875
1560393572394009105,5679223,5658237
1560393572504462015,5692028,5670935
1560393572604693888,5698370,5677294
1560393572704885665,5704752,5683660
1560393572805291615,5711144,5690185
1560393572905579594,5717481,5696548
1560393573005830188,5724043,5702906
1560393573106247023,5730359,5709278
1560393573206628126,5736756,5715662
1560393573306856455,5743112,5721998
1560393573407051542,5749409,5728334
1560393573507232384,5755779,5734718
1560393573607515314,5762092,5741077
1560393573707671680,5768443,5747471
1560393573807813100,5774759,5753813
1560393573907958462,5781124,5760146
1560393574008100245,5787448,5766467
1560393574108233130,5793858,5772828
1560393574208387224,5800216,5779195
1560393574308531596,5806642,5785571
1560393574408753042,5812991,5791927
1560393574508895283,5819278,5798277
1560393574609069160,5825702,5804639
1560393574709220386,5832065,5810989
1560393574809421881,5838412,5817348
1560393574909555209,5844788,5823733
1560393575009711880,5851151,5830142
1560393575109841917,5857522,5836530
1560393575210036202,5863858,5842846
1560393575310205970,5870147,5849162
1560393575410337860,5876571,5855552
1560393575510474403,5882960,5861929
1560393575610642822,5889344,5868343
1560393575710796411,5895727,5874727
1560393575810970850,5902054,5881084
1560393575911165541,5908508,5887574
1560393576011343740,5914868,5893949
1560393576111504586,5921246,5900272
1560393576211666062,5927604,5906580
1560393576311819652,5934030,5912914
1560393576411978106,5940372,5919307
1560393576512184927,5946768,5925754
1560393576612331812,5953133,5932303
1560393576712501262,5959425,5938597
1560393576812653258,5965927,5944930
1560393576912796039,5972286,5951331
1560393577012965265,5978677,5957747
1560393577113104439,5985000,5964065
1560393577213259393,5991356,5970411
1560393577313412690,5997704,5976784
1560393577413576613,6004107,5983140
1560393577513720662,6010486,5989508
1560393577613872199,6016847,5995897
1560393577714010043,6023205,6002245
1560393577814163921,6029589,6008636
1560393577914331124,6035911,6014942
1560393578014473689,6042264,6021307
1560393578114602884,6048599,6027623
1560393578214776922,6054973,6033986
1560393578314929361,6061349,6040387
1560393578415115372,6067666,6046758
1560393578515246866,6074058,6053088
1560393578615413498,6080401,6059424
1560393578715551400,6086792,6065779
1560393578815755148,6093206,6072172
1560393578915885395,6099506,6078526
1560393579016009466,6105912,6084877
1560393579116179857,6112258,6091197
1560393579216344113,6118608,6097529
1560393579316492963,6125040,6103958
1560393579416635407,6131371,6110311
1560393579516767085,6137735,6116690
1560393579616902081,6144134,6123050
1560393579717041173,6150438,6129373
1560393579817174246,6156772,6135738
1560393579917350966,6163124,6142109
1560393580017489735,6169470,6148507
1560393580117708120,6175824,6154845
1560393580217843742,6182203,6161193
1560393580318016591,6188571,6167577
1560393580418210182,6194905,6173958
1560393580518342847,6201345,6180342
1560393580618565199,6207758,6186768
1560393580718712001,6214091,6193130
1560393580818849379,6220443,6199524
1560393580919004747,6226802,6205861
1560393581019179177,6233198,6212221
1560393581119361274,6239574,6218630
1560393581219541055,6245978,6224999
1560393581319693710,6252516,6231590
1560393581419828500,6258866,6237912
1560393581519985821,6265207,6244267
1560393581620153345,6271539,6250620
1560393581720467618,6277919,6256967
1560393581820748888,6284321,6263353
1560393581920982995,6290636,6269710
1560393582021147286,6296991,6276088
1560393582121457214,6303351,6282433
1560393582221619310,6309666,6288798
1560393582321942052,6316046,6295160
1560393582422127464,6322384,6301443
1560393582522334917,6328711,6307713
1560393582622481569,6335087,6314046
1560393582722626526,6341471,6320425
1560393582822864632,6347840,6326860
1560393582923015833,6354184,6333220
1560393583023116261,6360530,6339518
1560393583123263597,6366856,6345838
1560393583223425789,6373228,6352216
1560393583323580771,6379632,6358670
1560393583423749322,6385953,6364974
1560393583523948266,6392285,6371327
1560393583624149841,6398634,6377673
1560393583724289528,6405014,6384035
1560393583824453504,6411403,6390429
1560393583924593354,6417800,6396820
1560393584024751247,6424173,6403172
1560393584124896579,6430517,6409513
1560393584235310734,6443237,6422225
1560393584335438415,6449573,6428595
1560393584435710884,6455984,6434977
1560393584535837144,6462328,6441370
1560393584635986809,6468652,6447734
1560393584736171574,6475068,6454141
1560393584836563860,6481452,6460464
1560393584936736711,6487824,6466811
1560393585036918546,6494203,6473166
1560393585137285872,6500587,6479559
1560393585237521024,6506916,6485923
1560393585337843742,6513287,6492253
1560393585438114666,6519593,6498621
1560393585538261500,6525994,6505041
1560393585638527394,6532378,6511471
1560393585738725281,6538738,6517815
1560393585838863702,6545553,6524562
1560393585938993538,6551881,6530930
1560393586039127234,6558210,6537267
1560393586139258433,6564628,6543706
1560393586239394831,6570942,6550077
1560393586339521202,6577313,6556473
1560393586439641451,6583710,6562788
1560393586539766639,6590016,6569142
1560393586639903210,6596483,6575582
1560393586740029193,6602879,6581939
1560393586840155285,6609303,6588327
1560393586940270346,6615643,6594675
1560393587040414197,6621958,6601011
1560393587140552030,6628368,6607401
1560393587240671508,6634702,6613754
1560393587340776672,6641058,6620129
1560393587440892720,6647425,6626516
1560393587541015111,6653801,6632873
1560393587641137003,6660170,6639254
1560393587741263594,6666498,6645563
1560393587841382226,6672846,6651899
1560393587941502594,6679213,6658250
1560393588041620903,6685587,6664602
1560393588141851021,6692129,6671184
1560393588242020033,6698287,6677527
1560393588342139769,6704813,6683905
1560393588442294741,6711147,6690254
1560393588542405435,6717499,6696621
1560393588642547306,6723898,6702933
1560393588742702244,6730182,6709223
1560393588842854498,6736580,6715590
1560393588942972839,6742950,6721963
1560393589043101022,6749296,6728360
1560393589143222965,6755667,6734711
1560393589243352330,6761937,6740980
1560393589343465833,6768276,6747325
1560393589443582983,6774652,6753724
1560393589543702809,6780977,6760100
1560393589643828442,6787342,6766450
1560393589743960753,6793696,6772770
1560393589844127664,6800035,6779123
1560393589944243191,6806452,6785488
1560393590044368783,6812816,6791886
1560393590144460920,6819215,6798331
1560393590244575519,6825561,6804662
1560393590344693130,6831944,6811014
1560393590444850745,6838299,6817369
1560393590544977160,6844657,6823748
1560393590645127803,6850998,6830087
1560393590745248355,6857361,6836492
1560393590845369579,6863758,6842899
1560393590945499304,6870096,6849286
1560393591045615034,6876470,6855642
1560393591145729700,6882856,6861998
1560393591245866255,6889226,6868371
1560393591346001209,6895608,6874737
1560393591446164107,6901996,6881104
1560393591546324192,6908359,6887428
1560393591646453600,6914768,6893801
1560393591746568379,6921132,6900141
1560393591846699836,6927495,6906515
1560393591946859165,6933912,6912916
1560393592046980853,6940232,6919256
1560393592147100924,6946622,6925619
1560393592247224487,6952962,6931960
1560393592347358018,6959286,6938334
1560393592447478416,6965650,6944705
1560393592547605336,6972017,6951108
1560393592647768063,6978328,6957421
1560393592747888356,6984696,6963746
1560393592848006484,6991037,6970102
1560393592948132357,6997378,6976469
1560393593048292187,7003819,6983022
1560393593148422752,7010350,6989386
1560393593248519347,7016677,6995745
1560393593348649830,7022996,7002061
1560393593448774271,7029353,7008409
1560393593548918842,7035734,7014766
1560393593649044200,7042091,7021166
1560393593749171933,7048426,7027512
1560393593849299498,7054814,7033903
1560393593949470029,7061083,7040200
1560393594049590532,7067426,7046561
1560393594249934025,7079502,7059839
1560393594350081016,7082826,7066216
1560393594450240872,7085852,7072512
1560393594550367212,7089093,7078996
1560393594650523755,7092261,7085373
1560393594750720673,7095440,7091722
1560393594850874553,7098636,7098171
1560393594951150565,7101793,7104425
1560393595051323635,7104978,7110728
1560393595151598450,7108126,7117135
1560393595251846483,7111312,7123569
1560393595352147192,7114511,7129941
1560393595452312317,7117667,7136313
1560393595552740251,7120808,7142577
1560393595652998726,7124035,7148991
1560393595753171729,7127178,7155395
1560393595853318044,7130366,7161776
1560393595953468297,7133560,7168121
1560393596053620586,7136752,7174487
1560393596153810105,7139932,7180885
1560393596253951187,7143122,7187187
1560393596354079909,7146306,7193624
1560393596454214235,7149452,7200003
1560393596554332470,7152649,7206418
1560393596654455168,7155799,7212745
1560393596754591476,7158965,7219145
1560393596854713592,7162147,7225522
1560393596954834294,7165368,7231856
1560393597054996260,7168526,7238246
1560393597155112670,7171738,7244600
1560393597255253502,7175087,7251197
1560393597355373468,7178143,7257514
1560393597455521460,7181414,7263846
1560393597555640844,7184616,7270189
1560393597655796406,7187808,7276572
1560393597755993908,7190967,7282915
1560393597856124511,7194159,7289218
1560393597956245477,7197277,7295551
1560393598056365134,7200471,7301895
1560393598156469614,7203700,7308283
1560393598256611943,7206874,7314658
1560393598356770292,7210011,7321008
1560393598456906329,7213221,7327329
1560393598557121771,7216422,7333714
1560393598657328696,7219559,7340031
1560393598757464837,7222831,7346427
1560393598857587782,7226005,7352789
1560393598957701020,7229166,7359117
1560393599057822929,7232368,7365413
1560393599157930129,7235540,7371779
1560393599258059424,7238712,7378189
1560393599358176869,7241897,7384554
1560393599458306251,7245083,7390940
1560393599558423612,7248276,7397313
1560393599658524612,7251451,7403612
1560393599758636562,7254626,7409943
1560393599858760998,7257860,7416444
1560393599958939678,7260980,7422770
1560393600059057962,7264215,7429193
1560393600159186271,7267369,7435573
1560393600259320717,7270526,7441881
1560393600359449699,7273778,7448297
1560393600459569342,7276919,7454602
1560393600559706744,7280086,7460958
1560393600659861761,7283320,7467344
1560393600759990751,7286496,7473704
1560393600860160745,7289653,7480141
1560393600960290188,7292860,7486470
1560393601060437816,7296038,7492881
1560393601160554603,7299200,7499243
1560393601260706415,7302387,7505541
1560393601360821828,7305587,7511862
1560393601460950534,7308743,7518241
1560393601561075575,7311952,7524658
1560393601661189406,7315144,7531061
1560393601761350054,7318302,7537367
1560393601861469704,7321507,7543683
1560393601961601905,7324670,7550017
1560393602061722505,7327876,7556475
1560393602161882677,7331031,7562811
1560393602261996077,7334233,7569143
1560393602362159970,7337416,7575534
1560393602462283147,7340699,7582046
1560393602562434697,7343822,7588395
1560393602662607846,7347004,7594771
1560393602762724482,7350239,7601158
1560393602862863244,7353428,7607542
1560393602962985396,7356605,7613867
1560393603063104842,7359705,7620198
1560393603163222931,7362953,7626579
1560393603263336344,7366096,7632898
1560393603363458962,7369250,7639297
1560393603463627709,7372461,7645674
1560393603563758517,7375659,7651997
1560393603663879301,7378800,7658337
1560393603763957216,7381986,7664651
1560393603864116766,7385206,7671069
1560393603964239888,7388341,7677429
1560393604064349720,7391527,7683752
1560393604164473724,7394702,7690085
1560393604264608234,7397888,7696479
1560393604364749111,7401102,7702869
1560393604464893577,7404325,7709229
1560393604565034795,7407498,7715627
1560393604665158859,7410630,7721948
1560393604765294458,7413798,7728289
1560393604865438354,7416946,7734676
1560393604965612249,7420092,7741027
1560393605065755077,7423314,7747397
1560393605166018013,7426544,7753821
1560393605266149373,7429643,7760130
1560393605366415168,7432901,7766475
1560393605466585923,7436081,7772828
1560393605566805183,7439248,7779207
1560393605666951426,7442462,7785623
1560393605767135320,7445649,7791967
1560393605967526752,7453625,7805329
1560393606067701831,7459915,7811703
1560393606167881421,7466414,7818207
1560393606268038557,7472682,7824545
1560393606368171354,7479088,7830937
1560393606468354883,7485503,7837311
1560393606568534180,7491829,7843628
1560393606668721241,7498228,7849989
1560393606768867859,7504603,7856353
1560393606869074186,7511137,7862887
1560393606969205789,7517325,7869274
1560393607069327277,7523906,7875670
1560393607169479424,7530241,7881984
1560393607269593142,7536629,7888342
1560393607369757261,7543012,7894725
1560393607469909238,7549341,7901013
1560393607570023716,7555685,7907315
1560393607670152621,7562020,7913652
1560393607770270656,7568347,7920013
1560393607870418325,7574727,7926435
1560393607970550862,7581047,7932776
1560393608070668715,7587380,7939084
1560393608170821357,7593734,7945397
1560393608271005375,7600056,7951776
1560393608371147830,7606484,7958165
1560393608471283149,7612818,7964488
1560393608571449698,7619194,7970835
1560393608671560542,7625576,7977181
1560393608771738062,7631952,7983550
1560393608871888357,7638303,7989905
1560393608972094052,7644676,7996347
1560393609072240349,7651008,8002703
1560393609172355974,7657377,8009059
1560393609272457953,7663760,8015414
1560393609372583401,7670078,8021766
1560393609472704165,7676498,8028117
1560393609572858048,7682878,8034468
1560393609673000475,7689238,8040859
1560393609773123904,7695654,8047269
1560393609873258087,7701995,8053637
1560393609973384008,7708340,8059966
1560393610073519887,7714697,8066325
1560393610173646195,7721094,8072745
1560393610273769487,7727408,8079086
1560393610373889201,7733800,8085441
1560393610473998158,7740133,8091760
1560393610574182855,7746544,8098122
1560393610674345856,7752891,8104492
1560393610774486533,7759263,8110901
1560393610874644221,7765586,8117225
1560393610974794448,7771926,8123578
1560393611074950979,7778278,8129930
1560393611175061550,7784635,8136306
1560393611275186339,7790950,8142679
1560393611375313268,7797360,8149113
1560393611475427387,7803729,8155462
1560393611575533967,7810116,8161792
1560393611675702189,7816456,8168107
1560393611775835963,7822792,8174473
1560393611875961383,7829190,8180861
1560393611976100856,7835571,8187242
1560393612076239269,7841933,8193635
1560393612176371216,7848286,8199983
1560393612276470827,7854666,8206348
1560393612376581892,7860976,8212690
1560393612476732598,7867320,8219084
1560393612576869180,7873684,8225472
1560393612677044208,7880244,8232058
1560393612777205050,7886449,8238370
1560393612877362729,7892987,8244718
1560393612977491908,7899330,8251068
1560393613077670145,7905705,8257400
1560393613177801136,7912036,8263753
1560393613277924926,7918376,8270124
1560393613378049384,7924745,8276503
1560393613478177470,7931092,8282826
1560393613578296899,7937419,8289172
1560393613678452666,7943815,8295574
1560393613778563635,7950145,8301854
1560393613878722925,7956503,8308159
1560393613989038857,7969172,8320883
1560393614089198680,7975568,8327307
1560393614189338994,7981920,8333665
1560393614289512527,7988239,8339936
1560393614389648238,7994602,8346291
1560393614489763993,8000899,8352640
1560393614589883018,8007312,8359048
1560393614690042899,8013661,8365379
1560393614790162395,8019969,8371714
1560393614890295997,8026371,8378069
1560393614990455076,8032800,8384462
1560393615090604995,8039104,8390809
1560393615190739790,8045495,8397197
1560393615290874137,8051855,8403563
1560393615391019935,8058204,8409895
1560393615491161487,8064573,8416286
1560393615591309229,8070916,8422658
1560393615691450844,8077278,8429017
1560393615791593554,8083695,8435413
1560393615891752874,8090028,8441804
1560393615991915944,8096428,8448177
1560393616092069739,8102796,8454541
1560393616192212303,8109160,8460915
1560393616292348566,8115542,8467251
1560393616392482618,8121915,8473621
1560393616492610234,8128260,8479966
1560393616592745130,8134671,8486397
1560393616692869775,8141024,8492709
1560393616793040984,8147374,8499048
1560393616893179922,8153748,8505454
1560393616993317961,8160065,8511839
1560393617093459768,8166492,8518224
1560393617193599587,8172839,8524565
1560393617293733139,8179184,8530933
1560393617393896842,8185567,8537286
1560393617494060404,8191927,8543675
1560393617594191286,8198266,8550037
1560393617694353682,8204672,8556419
1560393617794526621,8211214,8562922
1560393617894702138,8217309,8569202
1560393617994859111,8223860,8575610
1560393618095004039,8230254,8582000
1560393618195135520,8236648,8588362
1560393618295283677,8243030,8594708
1560393618405695933,8255739,8607382
1560393618505897385,8262059,8613767
1560393618606053640,8268376,8620141
1560393618706183100,8274734,8626527
1560393618806351050,8281094,8632914
1560393618906486354,8287465,8639256
1560393619006619587,8293787,8645569
1560393619106760570,8300122,8651901
1560393619206895355,8306511,8658224
1560393619307062508,8312863,8664592
1560393619407194396,8319194,8670968
1560393619507314619,8325569,8677337
1560393619607482725,8331932,8683698
1560393619707658085,8338292,8690069
1560393619807807362,8344677,8696465
1560393619907975076,8350999,8702756
1560393620008148585,8357366,8709103
1560393620108271064,8363702,8715443
1560393620208394142,8370036,8721837
1560393620308520048,8376444,8728265
1560393620408689624,8382794,8734600
1560393620508818307,8389134,8740874
1560393620608996855,8395562,8747249
1560393620709122689,8401884,8753633
1560393620809309335,8408276,8760037
1560393620909432284,8414637,8766409
1560393621009557840,8420967,8772749
1560393621109674802,8427336,8779110
1560393621209858234,8433717,8785467
1560393621310000738,8440064,8791838
1560393621410128252,8446466,8798238
1560393621510239616,8452820,8804584
1560393621610364255,8459204,8810937
1560393621710478128,8465551,8817260
1560393621810630786,8471904,8823608
1560393621910750837,8478246,8829930
1560393622010909084,8484616,8836347
1560393622111033128,8490978,8842737
1560393622211165075,8497365,8849123
1560393622311436343,8503734,8855464
1560393622411586251,8510097,8861806
1560393622511734410,8516486,8868149
1560393622611901162,8522875,8874540
1560393622712057368,8529242,8880924
1560393622812270219,8535595,8887267
1560393622912505149,8541956,8893612
1560393623012690261,8548305,8899958
1560393623112975068,8554650,8906369
1560393623213231729,8560986,8912747
1560393623313475575,8567350,8919105
1560393623413655282,8573686,8925427
1560393623514010837,8580008,8931772
1560393623614150004,8586398,8938143
1560393623714644419,8592745,8944693
1560393623814926090,8599109,8951095
1560393623915066157,8605726,8957494
1560393624015194581,8612028,8963786
1560393624115310565,8618306,8970093
1560393624215458413,8624702,8976508
1560393624315598818,8631074,8982877
1560393624415729056,8637435,8989224
1560393624515872838,8643811,8995588
1560393624616009470,8650178,9001934
1560393624716163642,8656566,9008265
1560393624816336328,8662883,9014606
1560393624916482864,8669251,9021017
1560393625016613908,8675593,9027353
1560393625116750788,8681944,9033722
1560393625216882283,8688277,9040035
1560393625317051134,8694617,9046392
1560393625417187077,8700940,9052734
1560393625517367554,8707330,9059072
1560393625617497479,8713655,9065418
1560393625717614125,8720017,9071824
1560393625817745142,8726442,9078197
1560393625917914928,8732792,9084522
1560393626018084868,8739169,9090906
1560393626118230915,8745599,9097307
1560393626218376789,8751907,9103617
1560393626318512747,8758236,9109924
1560393626418648190,8764578,9116296
1560393626518775190,8770911,9122673
1560393626618912436,8777272,9129116
1560393626719079226,8783624,9135461
1560393626819197429,8789973,9141792
1560393626919334967,8796354,9148121
1560393627019480734,8802713,9154501
1560393627119624209,8809063,9160877
1560393627219768588,8815462,9167220
1560393627319931686,8821811,9173554
1560393627420072743,8828175,9179875
1560393627520314215,8834590,9186309
1560393627620473053,8840897,9192665
1560393627720603336,8847262,9199052
1560393627820739128,8853643,9205416
1560393627921130724,8859954,9211767
1560393628021350078,8866390,9218183
1560393628121542015,8872694,9224503
1560393628221682984,8879059,9230860
1560393628321820159,8885428,9237207
1560393628421950572,8891820,9243607
1560393628522133484,8898245,9249999
1560393628622269712,8904600,9256366
1560393628722416797,8910964,9262668
1560393628822554415,8917338,9269026
1560393628922639095,8923704,9275375
1560393629022808574,8930057,9281721
1560393629122938509,8936662,9288282
1560393629223068379,8942838,9294607
1560393629323252147,8949183,9300966
1560393629423426880,8955711,9307370
1560393629523530470,8962037,9313744
1560393629623692943,8968359,9320092
1560393629723831063,8974741,9326474
1560393629823958720,8981066,9332817
1560393629924100557,8987398,9339175
1560393630024248054,8993764,9345568
1560393630124384744,9000098,9351914
1560393630224517540,9006532,9358268
1560393630324666976,9012875,9364569
1560393630424837598,9019153,9370897
1560393630524977943,9025526,9377277
1560393630625111942,9031891,9383661
1560393630725244502,9038250,9390026
1560393630825384319,9044651,9396424
1560393630925505542,9050958,9402723
1560393631025630039,9057309,9409045
1560393631125769178,9063685,9415425
1560393631225909677,9070003,9421812
1560393631326051200,9076370,9428170
1560393631426202923,9082770,9434577
1560393631526353880,9089139,9440923
1560393631626516671,9095499,9447245
1560393631726645686,9101863,9453597
1560393631826783667,9108186,9459910
1560393631926912679,9114551,9466309
1560393632027044080,9120903,9472720
1560393632127272416,9127268,9479066
1560393632227504290,9133682,9485437
1560393632327895979,9140038,9491824
1560393632428219773,9146462,9498199
1560393632528666626,9152805,9504491
1560393632628984755,9159107,9510772
1560393632729251725,9165482,9517169
1560393632829463462,9171880,9523601
1560393632939900276,9184582,9536316
1560393633040077891,9190900,9542609
1560393633140246820,9197296,9549021
1560393633240367580,9203650,9555413
1560393633340502261,9210017,9561789
1560393633440635528,9216417,9568128
1560393633540761966,9222776,9574467
1560393633640924452,9229138,9580796
1560393633741074716,9235571,9587218
1560393633841195072,9241884,9593583
1560393633941315188,9248220,9599954
1560393634041476327,9254594,9606354
1560393634141614596,9260926,9612693
1560393634241731485,9267271,9619046
1560393634341865628,9273685,9625435
1560393634442048598,9279990,9631777
1560393634542197106,9286354,9638150
1560393634642376140,9292739,9644537
1560393634742552455,9299094,9650903
1560393634842690016,9305467,9657247
1560393634942870829,9312013,9663783
1560393635043051170,9318192,9670094
1560393635143227101,9324733,9676521
1560393635243372255,9331062,9682861
1560393635444227136,9343189,9696165
1560393635544498302,9346427,9702553
1560393635644733326,9349386,9708816
1560393635744966566,9352587,9715185
1560393635845133608,9355821,9721618
1560393635945332450,9358944,9727926
1560393636045471432,9362109,9734292
1560393636145844153,9365345,9740630
1560393636246041923,9368460,9746994
1560393636346419065,9371666,9753381
1560393636446578341,9374887,9759703
1560393636546727413,9378053,9766030
1560393636646866584,9381225,9772354
1560393636747025675,9384470,9778767
1560393636847172906,9387613,9785178
1560393636947292501,9390760,9791542
1560393637047456802,9394017,9797940
1560393637147584951,9397202,9804310
1560393637247715617,9400414,9810648
1560393637347827316,9403682,9817070
1560393637447972070,9406879,9823471
1560393637548145354,9410042,9829859
1560393637648301770,9413226,9836261
1560393637748461139,9416361,9842552
1560393637848605825,9419506,9848925
1560393637948740288,9422736,9855264
1560393638048884869,9425917,9861602
1560393638149029629,9429101,9867982
1560393638249211403,9432329,9874412
1560393638349386694,9435483,9880741
1560393638449569851,9438644,9887087
1560393638549755951,9441861,9893469
1560393638649914032,9445040,9899742
1560393638750050275,9448197,9906059
1560393638850177141,9451373,9912373
1560393638950301011,9454547,9918729
1560393639050433004,9457737,9925167
1560393639150602396,9460853,9931529
1560393639250760403,9464073,9937850
1560393639350943788,9467189,9944224
1560393639451096405,9470348,9950557
1560393639551222381,9473585,9956956
1560393639651355617,9476746,9963302
1560393639851699461,9484741,9976718
1560393639951899370,9491010,9983036
1560393640052032946,9497524,9989512
1560393640152164437,9503842,9995873
1560393640252368825,9510383,10002417
1560393640352514766,9516557,10008761
1560393640452617589,9522893,10015084
1560393640552776012,9529416,10021471
1560393640652904880,9535787,10027801
1560393640753087872,9542166,10034166
1560393640853246547,9548530,10040546
1560393640953393112,9554847,10046905
1560393641053528079,9561189,10053263
1560393641153688979,9567514,10059593
1560393641253816502,9573912,10065954
1560393641353966166,9580269,10072319
1560393641454109055,9586605,10078667
1560393641554230107,9592944,10084991
1560393641664606447,9605644,10097664
1560393641764770892,9612006,10104054
1560393641864927858,9618364,10110452
1560393641965094627,9624690,10116791
1560393642065240684,9631021,10123127
1560393642165382254,9637414,10129469
1560393642265522657,9643804,10135839
1560393642365663481,9650138,10142182
1560393642465807905,9656548,10148581
1560393642565932377,9662918,10154952
1560393642666091155,9669237,10161268
1560393642766230798,9675620,10167597
1560393642866395515,9681983,10173990
1560393642966568079,9688349,10180365
1560393643066753611,9694779,10186808
1560393643166909387,9701109,10193174
1560393643267027600,9707499,10199505
1560393643367198111,9713926,10205867
1560393643467320629,9720262,10212182
1560393643567438821,9726649,10218570
1560393643667562135,9733014,10224996
1560393643767701869,9739346,10231322
1560393643867856733,9745861,10237860
1560393643967984515,9751921,10243874
1560393644068127023,9758369,10250360
1560393644168255062,9764828,10256806
1560393644268389983,9771072,10263121
1560393644368518472,9777478,10269562
1560393644468646667,9783916,10276009
1560393644568784056,9790185,10282314
1560393644668912341,9796628,10288710
1560393644769054905,9803036,10295128
1560393644869193780,9809428,10301671
1560393644969329431,9815769,10307961
1560393645069521097,9822225,10314038
1560393645169690493,9828438,10320466
1560393645269836042,9835089,10327115
1560393645370000829,9841444,10333500
1560393645470126472,9847814,10339768
1560393645570276700,9854195,10346152
1560393645670431320,9860541,10352575
1560393645770598602,9866838,10358960
1560393645870722829,9873162,10365294
1560393645970869542,9879483,10371626
1560393646071012234,9885898,10378003
1560393646171157474,9892200,10384328
1560393646271319360,9898558,10390688
1560393646371437938,9904979,10397074
1560393646471607813,9911488,10403444
1560393646571744859,9917953,10409768
1560393646671883140,9924090,10416117
1560393646772027950,9930304,10422409
1560393646872174994,9936808,10428806
1560393646972303785,9943195,10435145
1560393647072457061,9949542,10441522
1560393647172593911,9955881,10447903
1560393647272726172,9962187,10454252
1560393647372921575,9968558,10460632
1560393647473063135,9974913,10466947
1560393647573196736,9981286,10473309
1560393647673381005,9987646,10479668
1560393647773523873,9994008,10486011
1560393647873662495,10000350,10492342
1560393647973781583,10006769,10498734
1560393648073947340,10013161,10505119
1560393648174138711,10019494,10511492
1560393648274269513,10025859,10517826
1560393648374489660,10032223,10524179
1560393648474857716,10038680,10530646
1560393648575111775,10044894,10536845
1560393648675269029,10051314,10543279
1560393648775689711,10057684,10549661
1560393648875927750,10064023,10556024
1560393648976240474,10070402,10562388
1560393649076541534,10076724,10568696
1560393649176716327,10083121,10575082
1560393649276863710,10089463,10581440
1560393649377013734,10095900,10587847
1560393649477176035,10102222,10594210
1560393649577320645,10108577,10600545
1560393649677472915,10114946,10606896
1560393649777598756,10121299,10613250
1560393649877738825,10127671,10619622
1560393649977866488,10134039,10625999
1560393650078034280,10140392,10632384
1560393650178164521,10146773,10638747
1560393650278289164,10153120,10645089
1560393650378413584,10159434,10651442
1560393650478567926,10165804,10657810
1560393650578727723,10172149,10664369
1560393650678869451,10178673,10670756
1560393650779009929,10185054,10677153
1560393650879142927,10191400,10683508
1560393650979280025,10197762,10689860
1560393651079435241,10204207,10696276
1560393651179619391,10210520,10702546
1560393651279756354,10216805,10708824
1560393651379894931,10223139,10715164
1560393651480024742,10229512,10721587
1560393651580144499,10235889,10727995
1560393651680292499,10242263,10734349
1560393651780463477,10248571,10740617
1560393651880636538,10254923,10746948
1560393651980780864,10261241,10753330
1560393652080899578,10267579,10759696
1560393652181057723,10273933,10766031
1560393652281190259,10280284,10772370
1560393652381357017,10286695,10778713
1560393652481498155,10293061,10785068
1560393652581678391,10299418,10791446
1560393652681815174,10305808,10797825
1560393652781964371,10312162,10804205
1560393652882137896,10318511,10810580
1560393652982303412,10324904,10816935
1560393653082462436,10331250,10823294
1560393653182594912,10337616,10829609
1560393653282745603,10344022,10835987
1560393653382896502,10350427,10842412
1560393653483017675,10356731,10848767
1560393653583154604,10363091,10855137
1560393653683281509,10369476,10861522
1560393653783456067,10375845,10867857
1560393653883601158,10382207,10874235
1560393653983731174,10388552,10880594
1560393654083863599,10394965,10886948
1560393654284176624,10407072,10900304
1560393654384341142,10410313,10906638
1560393654484468746,10413380,10912916
1560393654584590099,10416623,10919389
1560393654684744501,10419723,10925785
1560393654784879920,10422963,10932138
1560393654885027168,10426145,10938507
1560393654985190478,10429279,10944871
1560393655085322297,10432492,10951257
1560393655185496348,10435689,10957613
1560393655285669920,10438817,10963915
1560393655385831046,10442007,10970247
1560393655486033488,10445204,10976834
1560393655586176356,10448339,10983225
1560393655686319671,10451615,10989568
1560393655786455472,10454788,10995958
1560393655886622709,10457957,11002305
1560393655986751552,10461095,11008636
1560393656086922740,10464307,11015022
1560393656187049076,10467451,11021422
1560393656287220447,10470628,11027789
1560393656387372671,10473846,11034156
1560393656487541189,10476989,11040480
1560393656587692777,10480163,11046833
1560393656687834485,10483387,11053191
1560393656787967081,10486579,11059492
1560393656888216200,10489709,11065912
1560393656988458471,10492940,11072299
1560393657088678000,10496161,11078722
1560393657188829237,10499264,11085041
1560393657289045868,10502489,11091422
1560393657389320698,10505700,11097792
1560393657489584008,10508841,11104104
1560393657589845651,10512044,11110395
1560393657690256450,10515273,11116782
1560393657790610825,10518441,11123246
1560393657890789064,10521652,11129638
1560393657990947960,10524835,11135969
1560393658091298423,10528003,11142246
1560393658191535246,10531174,11148586
1560393658291717964,10534395,11154983
1560393658391837151,10537603,11161426
1560393658492017465,10540751,11167700
1560393658592231488,10543980,11174045
1560393658692432845,10547121,11180389
1560393658792621874,10550276,11186763
1560393658892783769,10553451,11193150
1560393658992978308,10556652,11199570
1560393659093163732,10559776,11205925
1560393659193294200,10562982,11212242
1560393659293424702,10566150,11218595
1560393659393569242,10569284,11224949
1560393659493722346,10572514,11231336
1560393659593818110,10575704,11237668
1560393659693994569,10578869,11244064
1560393659794122506,10582069,11250401
1560393659894255734,10585289,11256794
1560393659994397120,10588486,11263311
1560393660094541352,10591604,11269619
1560393660194679808,10594888,11276026
1560393660294833075,10598050,11282367
1560393660394996503,10601258,11288711
1560393660495175504,10604497,11295042
1560393660595328931,10607657,11301404
1560393660695479776,10610780,11307766
1560393660795675953,10613953,11314136
1560393660895805066,10617087,11320507
1560393660995975078,10620236,11326844
1560393661096113688,10623438,11333215
1560393661196293326,10626644,11339572
1560393661296437996,10629772,11345948
1560393661396573788,10632992,11352319
1560393661496729491,10636164,11358655
1560393661596927628,10639338,11364978
1560393661697119022,10642518,11371342
1560393661797291534,10645726,11377745
1560393661897425237,10648888,11384124
1560393661997569430,10652075,11390470
1560393662097709949,10655297,11396837
1560393662197856302,10658410,11403214
1560393662298034450,10661593,11409518
1560393662398205707,10664774,11415946
1560393662498339410,10667929,11422303
1560393662598500251,10671104,11428670
1560393662698645301,10674334,11435070
1560393662798789617,10677480,11441428
1560393662999126507,10685536,11454730
1560393663099319547,10691844,11461027
1560393663199514261,10698403,11467597
1560393663299651675,10704686,11473961
1560393663399796157,10711036,11480264
1560393663499968014,10717408,11486669
1560393663600091711,10723754,11493024
1560393663700258728,10730168,11499410
1560393663800425887,10736533,11505702
1560393663900586552,10742912,11512001
1560393664000741235,10749261,11518394
1560393664100869059,10755625,11524812
1560393664201033668,10761934,11531197
1560393664301177864,10768301,11537575
1560393664401333150,10774638,11543886
1560393664501498209,10781031,11550254
1560393664601684750,10787390,11556663
1560393664701767876,10793748,11563018
1560393664801891951,10800153,11569399
1560393664902026363,10806523,11575738
1560393665002172790,10812915,11582077
1560393665102561770,10819271,11588428
1560393665202751250,10825660,11594786
1560393665302957386,10832013,11601157
1560393665403110543,10838550,11607740
1560393665503279110,10844718,11614031
1560393665603419363,10851074,11620389
1560393665703550453,10857618,11626770
1560393665803725020,10863976,11633112
1560393665903890689,10870304,11639477
1560393666004033810,10876706,11645871
1560393666104222425,10883030,11652212
1560393666204498770,10889379,11658571
1560393666304796435,10895738,11664873
1560393666405135490,10902089,11671236
1560393666505392146,10908468,11677616
1560393666605815340,10914790,11683925
1560393666706192719,10921134,11690243
1560393666806412726,10927477,11696602
1560393666906613684,10933822,11702939
1560393667006767488,10940178,11709333
1560393667106926925,10946608,11715718
1560393667207164455,10952912,11722027
1560393667307321684,10959247,11728384
1560393667407457019,10965617,11734754
1560393667507598061,10971942,11741108
1560393667607748766,10978295,11747491
1560393667707899355,10984705,11753922
1560393667808028890,10990990,11760210
1560393667908159731,10997372,11766548
1560393668008329761,11003789,11772922
1560393668108508961,11010122,11779307
1560393668208639269,11016461,11785690
1560393668308819286,11022799,11792031
1560393668408995578,11029202,11798406
1560393668509175733,11035595,11804740
1560393668609348355,11041966,11811103
1560393668709492272,11048327,11817476
1560393668809654138,11054723,11823882
1560393668909856086,11061022,11830238
1560393669010016871,11067383,11836600
1560393669110212421,11073751,11842936
1560393669210394113,11080111,11849313
1560393669310539773,11086532,11855671
1560393669410676219,11092909,11862039
1560393669510864541,11099303,11868461
1560393669611011255,11105677,11874827
1560393669711167407,11112016,11881182
1560393669811301735,11118389,11887590
1560393669911448102,11124753,11893978
1560393670011617042,11131088,11900297
1560393670111793391,11137492,11906652
1560393670211946832,11143882,11912964
1560393670312108288,11150272,11919373
1560393670412253394,11156808,11925968
1560393670512443080,11162961,11932322
1560393670612608060,11169448,11938627
1560393670712765279,11175819,11944968
1560393670812899268,11182172,11951346
1560393670913032958,11188540,11957734
1560393671013174197,11194853,11964042
1560393671113302289,11201189,11970363
1560393671213421009,11207560,11976741
1560393671313545065,11213952,11983100
1560393671413684650,11220262,11989438
1560393671513835864,11226667,11995815
1560393671613967937,11233002,12002179
1560393671724380918,11245711,12014889
1560393671824507147,11252061,12021265
1560393671924705071,11258394,12027609
1560393672024885801,11264769,12033979
1560393672125021696,11271072,12040344
1560393672225163706,11277448,12046725
1560393672325311919,11283843,12053073
1560393672425449008,11290193,12059420
1560393672525629016,11296630,12065794
1560393672625761121,11302954,12072128
1560393672725899051,11309313,12078512
1560393672826036219,11315707,12084851
1560393672926187576,11322035,12091167
1560393673026316162,11328379,12097511
1560393673126465246,11334794,12103959
1560393673226600236,11341125,12110312
1560393673326773040,11347477,12116685
1560393673426952178,11353836,12123023
1560393673537441072,11366568,12135782
1560393673637830728,11372921,12142172
1560393673738116299,11379265,12148555
1560393673838396736,11385675,12154943
1560393673938611248,11391989,12161248
1560393674038775969,11398345,12167544
1560393674138906453,11404844,12174018
1560393674239049596,11411156,12180358
1560393674339236805,11417467,12186740
1560393674439388068,11423832,12193095
1560393674539571706,11430223,12199446
1560393674639710403,11436627,12205775
1560393674739848297,11442985,12212108
1560393674840039126,11449368,12218550
1560393674940172182,11455773,12224928
1560393675040316398,11462085,12231300
1560393675140470018,11468420,12237649
1560393675240617493,11474834,12244035
1560393675340765772,11481191,12250356
1560393675440936491,11487580,12256690
1560393675541069187,11493945,12263030
1560393675641242674,11500285,12269427
1560393675741372530,11506652,12275800
1560393675841500667,11512990,12282130
1560393675941643890,11519350,12288731
1560393676041795011,11525893,12295134
1560393676141929988,11532229,12301442
1560393676242064531,11538570,12307730
1560393676342206413,11544993,12314103
1560393676442380431,11551312,12320483
1560393676542548197,11557640,12326915
1560393676642673521,11563979,12333269
1560393676742838606,11570304,12339553
1560393676842993619,11576722,12345890
1560393676943139913,11583044,12352255
1560393677043313065,11589371,12358636
1560393677143483681,11595723,12364959
1560393677243622484,11602056,12371299
1560393677343755170,11608416,12377662
1560393677443940535,11614811,12384038
1560393677544120200,11621113,12390368
1560393677644263295,11627510,12396772
1560393677744407669,11633884,12403139
1560393677844637746,11640220,12409475
1560393677944832083,11646647,12415870
1560393678045206269,11653001,12422217
1560393678145345872,11659328,12428542
1560393678245471802,11665690,12434894
1560393678345625460,11672097,12441353
1560393678445764462,11678406,12447707
1560393678545897975,11684809,12454074
1560393678646053060,11691164,12460425
1560393678746223379,11697567,12466806
1560393678846367523,11703959,12473171
1560393678946523658,11710368,12479579
1560393679046644746,11716699,12485913
1560393679146816360,11723110,12492266
1560393679246934216,11729451,12498613
1560393679347073981,11735833,12505007
1560393679447193330,11742211,12511429
1560393679547331700,11748578,12517805
1560393679647465949,11754930,12524136
1560393679747603937,11761295,12530518
1560393679847752739,11767720,12536938
1560393679947919075,11774044,12543289
1560393680048033768,11780424,12549658
1560393680148173392,11786790,12556010
1560393680248301938,11793124,12562298
1560393680348439066,11799464,12568630
1560393680448557128,11805888,12575207
1560393680548718909,11812209,12581564
1560393680648833559,11818643,12587949
1560393680748976452,11825011,12594312
1560393680849114289,11831415,12600684
1560393680949294319,11837765,12607000
1560393681049429552,11844145,12613353
1560393681149715958,11850509,12619745
1560393681249855013,11856851,12626113
1560393681350026203,11863193,12632476
1560393681450170301,11869521,12638821
1560393681550313915,11875866,12645159
1560393681650506875,11882227,12651527
1560393681750687963,11888567,12657847
1560393681850812827,11894934,12664204
1560393681950983845,11901309,12670599
1560393682051243660,11907623,12676929
1560393682151417116,11914034,12683277
1560393682251816457,11920376,12689654
1560393682352223042,11926760,12696048
1560393682452488646,11933100,12702327
1560393682552711646,11939452,12708649
1560393682652956982,11945828,12715023
1560393682753131313,11952197,12721432
1560393682853381097,11958525,12727847
1560393682953527210,11964873,12734215
1560393683053798995,11971221,12740529
1560393683153954997,11977596,12746878
1560393683254100340,11984005,12753252
1560393683354243453,11990321,12759606
1560393683454423477,11996720,12765984
1560393683554553614,12003126,12772353
1560393683654734112,12009442,12778667
1560393683754919025,12015848,12785039
1560393683855087990,12022188,12791400
1560393683955223543,12028557,12797787
1560393684055412429,12034936,12804204
1560393684155585353,12041269,12810526
1560393684255732735,12047645,12816905
1560393684357692446,12054061,12823272
1560393684457838068,12060373,12829566
1560393684558039376,12066814,12836011
1560393684658179528,12073137,12842362
1560393684758310154,12079508,12848739
1560393684858485086,12085882,12855094
1560393684958622245,12092225,12861423
1560393685058798338,12098572,12867757
1560393685158915301,12104966,12874155
1560393685259033712,12111334,12880524
1560393685359198685,12117726,12886891
1560393685459350929,12124094,12893222
1560393685559505037,12130458,12899608
1560393685659642941,12137008,12906214
1560393685759808323,12143209,12912566
1560393685859938719,12149707,12918954
1560393685960114511,12156050,12925270
1560393686060288130,12162408,12931627
1560393686160464476,12168777,12938000
1560393686260594746,12175103,12944337
1560393686360731356,12181463,12950730
1560393686460868025,12187817,12957091
1560393686560999721,12194149,12963371
1560393686661137840,12200485,12969686
1560393686761308992,12206905,12976098
1560393686861464605,12213215,12982431
1560393686961593557,12219495,12988784
1560393687061719692,12225857,12995133
1560393687161809571,12232229,13001498
1560393687261940534,12238566,13007810
1560393687362073514,12244973,13014198
1560393687462246372,12251416,13020647
1560393687562371512,12257731,13027006
1560393687662497467,12264113,13033386
1560393687762622047,12270468,13039754
1560393687862787937,12276839,13046113
1560393687962926450,12283218,13052461
1560393688063104384,12289537,13058796
1560393688163239299,12295928,13065200
1560393688263444769,12302308,13071625
1560393688363604187,12308657,13078010
1560393688463741895,12315018,13084359
1560393688563883624,12321404,13090760
1560393688664065581,12327779,13097129
1560393688764246422,12334180,13103426
1560393688864439013,12340526,13109721
1560393688964577458,12346893,13116077
1560393689064735056,12353254,13122481
1560393689164888895,12359620,13128954
1560393689265114170,12365943,13135265
1560393689365338047,12372308,13141571
1560393689465464958,12378688,13147916
1560393689565586914,12385061,13154319
1560393689665742929,12391458,13160731
1560393689765874061,12397760,13167030
1560393689876259977,12410546,13179721
1560393689976391170,12416931,13186112
1560393690076543366,12423450,13192671
1560393690176688778,12429771,13199040
1560393690276842071,12436148,13205431
1560393690377016937,12442491,13211776
1560393690477145316,12448855,13218143
1560393690577275189,12455278,13224491
1560393690677405360,12461617,13230820
1560393690777582923,12467959,13237182
1560393690877722738,12474336,13243570
1560393690977866649,12480661,13249908
1560393691078055566,12487027,13256266
1560393691178184975,12493324,13262527
1560393691278348443,12499645,13268870
1560393691378496184,12506020,13275243
1560393691478624758,12512373,13281617
1560393691578777648,12518734,13287968
1560393691678944189,12525064,13294288
1560393691779094944,12531419,13300646
1560393691879280593,12537795,13307016
1560393691979460368,12544189,13313394
1560393692079649211,12550504,13319718
1560393692179776888,12556897,13326133
1560393692279899141,12563204,13332459
1560393692380070864,12569533,13338842
1560393692480198400,12575905,13345188
1560393692580348206,12582278,13351586
1560393692780687602,12594358,13364884
1560393692880828447,12597638,13371289
1560393692980968753,12600682,13377550
1560393693081137258,12603979,13383970
1560393693181319226,12607119,13390347
1560393693281513772,12610250,13396730
1560393693381667361,12613407,13403072
1560393693481828134,12616586,13409414
1560393693581973836,12619678,13415837
1560393693682138031,12622956,13422241
1560393693782275103,12626167,13428638
1560393693882454034,12629320,13435003
1560393693982668621,12632557,13441353
1560393694082974101,12635759,13447692
1560393694183267090,12638933,13454026
1560393694283744361,12642150,13460416
1560393694384043633,12645336,13466785
1560393694584575783,12653350,13480186
1560393694684844956,12659620,13486501
1560393694784993950,12666138,13493023
1560393694885481383,12672597,13499507
1560393694985746956,12678757,13505826
1560393695085918967,12685169,13512174
1560393695186050614,12691692,13518516
1560393695286190559,12698034,13524915
1560393695386335699,12704451,13531362
1560393695486513311,12710739,13537636
1560393695586693118,12717071,13543946
1560393695686891349,12723468,13550311
1560393695787047305,12729767,13556692
1560393695887214387,12736173,13563027
1560393695987420749,12742549,13569368
1560393696087562388,12748882,13575720
1560393696187733226,12755265,13582045
1560393696287895072,12761558,13588399
1560393696388030114,12767907,13594768
1560393696488164304,12774302,13601160
1560393696588290022,12780619,13607526
1560393696688430633,12786971,13613874
1560393696788561265,12793347,13620218
1560393696898998683,12806052,13632918
1560393696999262954,12812423,13639318
1560393697099520990,12818774,13645703
1560393697199683032,12825169,13652040
1560393697299937058,12831533,13658391
1560393697400094812,12837916,13664733
1560393697500321102,12844276,13671098
1560393697600650380,12850608,13677455
1560393697700808188,12857010,13683835
1560393697800964965,12863355,13690146
1560393697901217733,12869678,13696519
1560393698001407895,12876116,13702921
1560393698101602981,12882430,13709288
1560393698201777907,12888779,13715687
1560393698301961011,12895201,13722027
1560393698402100701,12901561,13728375
1560393698502226889,12907915,13734721
1560393698602425842,12914304,13741097
1560393698702562656,12920671,13747492
1560393698802699301,12927035,13753872
1560393698902839776,12933442,13760266
1560393699002971859,12939731,13766565
1560393699103122853,12946140,13772948
1560393699203270216,12952483,13779328
1560393699303421891,12958805,13785707
1560393699403601729,12965179,13792072
1560393699503737355,12971583,13798482
1560393699603870440,12977911,13804783
1560393699704017772,12984311,13811120
1560393699804150744,12990658,13817524
1560393699904283953,12997008,13823905
1560393700004475543,13003418,13830496
1560393700104591620,13009764,13836862
1560393700204721573,13016258,13843212
1560393700304865442,13022604,13849546
1560393700404998462,13029016,13855913
1560393700505124427,13035413,13862261
1560393700605245885,13041752,13868632
1560393700705388040,13048145,13875023
1560393700805529614,13054464,13881347
1560393700905656732,13060785,13887710
1560393701005827082,13067118,13894082
1560393701105987880,13073469,13900391
1560393701206131927,13079833,13906715
1560393701306284712,13086195,13913010
1560393701406416748,13092551,13919379
1560393701506549504,13098884,13925776
1560393701606678676,13105249,13932125
1560393701706851428,13111568,13938429
1560393701806985680,13117927,13944730
1560393701907140379,13124290,13951100
1560393702007322401,13130651,13957475
1560393702107449064,13137021,13963826
1560393702207608846,13143374,13970147
1560393702307784115,13149749,13976574
1560393702407919086,13156043,13982870
1560393702508063012,13162392,13989259
1560393702608193380,13168749,13995663
1560393702708350855,13175162,14002037
1560393702808493022,13181596,14008470
1560393702908620587,13187896,14014787
1560393703008784167,13194323,14021183
1560393703108923283,13200652,14027512
1560393703209094842,13207063,14033924
1560393703309264458,13213454,14040333
1560393703409390705,13219784,14046735
1560393703509520713,13226176,14053113
1560393703609673895,13232577,14059468
1560393703709805054,13238926,14065809
1560393703809919753,13245311,14072165
1560393703910045702,13251679,14078564
1560393704010204808,13258062,14084916
1560393704110324891,13264414,14091254
1560393704210435838,13270733,14097598
1560393704310580998,13277086,14103984
1560393704410712780,13283454,14110355
1560393704510836097,13289772,14116719
1560393704610948620,13296166,14123067
1560393704711108847,13302529,14129416
1560393704811221802,13308883,14135755
1560393704911376213,13315319,14142309
1560393705011547440,13321685,14148674
1560393705111673370,13328216,14155070
1560393705211840168,13334594,14161408
1560393705312009062,13340934,14167715
1560393705412135377,13347276,14174088
1560393705512255976,13353619,14180452
1560393705612372284,13359940,14186830
1560393705712468406,13366338,14193205
1560393705812599452,13372674,14199539
1560393705912718987,13379037,14205890
1560393706012867810,13385468,14212282
1560393706113035538,13391766,14218653
1560393706213194537,13398111,14225018
1560393706313328074,13404544,14231432
1560393706413470209,13410875,14237759
1560393706513679997,13417149,14244075
1560393706613895430,13423512,14250405
1560393706714233260,13429919,14256804
1560393706814553438,13436344,14263153
1560393706914865596,13442708,14269517
1560393707015168331,13449094,14275927
1560393707115417100,13455518,14282315
1560393707215590437,13461796,14288662
1560393707315808013,13468140,14295063
1560393707415960024,13474523,14301403
1560393707516105869,13480866,14307711
1560393707616233777,13487238,14314061
1560393707716383909,13493621,14320478
1560393707816523204,13499951,14326909
1560393707916655387,13506362,14333286
1560393708016793516,13512702,14339554
1560393708116979336,13519056,14345894
1560393708217204757,13525451,14352272
1560393708317367917,13531859,14358717
1560393708417514082,13538172,14365041
1560393708517686218,13544570,14371406
1560393708617849341,13550911,14377758
1560393708717979854,13557209,14384085
1560393708818142360,13563554,14390444
1560393708918266495,13569876,14396849
1560393709018428098,13576297,14403229
1560393709118566260,13582659,14409578
1560393709218724485,13588982,14415940
1560393709318876552,13595368,14422306
1560393709419026506,13601749,14428848
1560393709529485065,13614664,14441604
1560393709629902338,13621016,14447982
1560393709730269790,13627381,14454339
1560393709830796223,13633766,14460670
1560393709931079578,13640071,14466989
1560393710031269616,13646472,14473354
1560393710131555764,13652841,14479718
1560393710231788539,13659220,14486113
1560393710332081769,13665538,14492394
1560393710432226960,13671869,14498732
1560393710532386562,13678237,14505125
1560393710732723144,13690296,14518485
1560393710832849171,13693541,14524836
1560393710932979990,13696578,14531078
1560393711033154272,13699741,14537489
1560393711133273928,13702975,14543906
1560393711233406982,13706161,14550281
1560393711333582575,13709297,14556642
1560393711433747773,13712533,14562946
1560393711533893374,13715711,14569281
1560393711634017939,13718881,14575694
1560393711734140260,13722090,14582099
1560393711834282859,13725302,14588520
1560393711934451890,13728450,14594878
1560393712034578177,13731644,14601242
1560393712134703385,13734815,14607551
1560393712234836521,13738004,14613942
1560393712335017909,13741224,14620377
1560393712435142741,13744418,14626735
1560393712535272539,13747543,14633120
1560393712635463678,13750744,14639466
1560393712735596952,13753932,14645805
1560393712835773589,13757086,14652186
1560393712935921832,13760259,14658507
1560393713036067823,13763439,14664870
1560393713136212320,13766653,14671291
1560393713236339839,13769764,14677642
1560393713336511351,13772988,14684004
1560393713436645967,13776221,14690422
1560393713536821513,13779361,14696775
1560393713636991810,13782560,14703053
1560393713737119103,13785742,14709368
1560393713837253175,13788874,14715718
1560393713937385724,13792100,14722173
1560393714037586094,13795300,14728581
1560393714137753825,13798469,14734928
1560393714237879421,13801688,14741199
1560393714338025282,13804908,14747526
1560393714438173893,13808189,14754158
1560393714538311342,13811226,14760488
1560393714638452729,13814391,14766833
1560393714738586522,13817630,14773212
1560393714838739892,13820800,14779534
1560393714938888355,13824044,14785925
1560393715039029055,13827187,14792281
1560393715139222032,13830396,14798676
1560393715239431185,13833589,14805021
1560393715349935820,13839929,14817712
1560393715450128637,13843131,14824063
1560393715550287612,13846318,14830404
1560393715650460499,13849499,14836849
1560393715750617378,13852683,14843195
1560393715850791407,13855869,14849591
1560393715950960537,13859023,14855979
1560393716051125932,13862168,14862295
1560393716151267545,13865400,14868696
1560393716251446176,13868490,14875008
1560393716351567741,13871712,14881415
1560393716451696524,13874901,14887741
1560393716551836374,13878054,14894076
1560393716652018723,13881261,14900447
1560393716752227788,13884454,14906818
1560393716852379370,13887639,14913202
1560393716952511821,13890788,14919542
1560393717052636629,13894019,14925890
1560393717152777159,13897170,14932281
1560393717252913749,13900352,14938643
1560393717353093908,13903554,14945008
1560393717453229105,13906740,14951422
1560393717653636044,13914684,14964706
1560393717753777741,13921000,14971039
1560393717853964369,13927518,14977547
1560393717954093888,13933852,14983897
1560393718054227833,13940218,14990253
1560393718154350828,13946680,14996667
1560393718254527234,13953040,15002986
1560393718354712023,13959577,15009513
1560393718454849511,13965789,15015909
1560393718554985640,13972325,15022302
1560393718655146392,13978645,15028665
1560393718755271574,13985028,15035034
1560393718855433500,13991331,15041345
1560393718955572535,13997655,15047669
1560393719055756881,14004045,15054003
1560393719155898219,14010435,15060350
1560393719256030528,14016792,15066732
1560393719356198021,14023134,15073103
1560393719456327035,14029472,15079443
1560393719556497877,14035843,15085812
1560393719656624497,14042200,15092196
1560393719756781994,14048529,15098519
1560393719856962986,14054906,15104816
1560393719957087963,14061209,15111128
1560393720057255824,14067576,15117468
1560393720157414342,14073970,15123897
1560393720257542740,14080327,15130300
1560393720357698116,14086710,15136632
1560393720457829661,14093088,15142965
1560393720557983666,14099416,15149322
1560393720658131109,14105814,15155715
1560393720758297124,14112158,15162065
1560393720858465455,14118520,15168440
1560393720958628216,14124887,15174798
1560393721058789649,14131238,15181172
1560393721158931482,14137609,15187545
1560393721259074305,14144020,15193932
1560393721359222466,14150357,15200277
1560393721459391381,14156695,15206651
1560393721559595212,14163057,15213016
1560393721659734573,14169375,15219377
1560393721759877529,14175747,15225781
1560393721860021329,14182117,15232142
1560393721960197243,14188455,15238541
1560393722060340057,14194805,15244900
1560393722160468524,14201244,15251316
1560393722260621685,14207590,15257642
1560393722360828774,14213946,15263976
1560393722461054120,14220241,15270311
1560393722561432111,14226653,15276666
1560393722661643941,14233037,15283022
1560393722761921770,14239399,15289359
1560393722862109218,14245822,15295749
1560393722962313911,14252176,15302104
1560393723062501536,14258502,15308496
1560393723162718934,14264835,15314840
1560393723262879704,14271209,15321248
1560393723363045818,14277525,15327568
1560393723463210011,14283972,15333970
1560393723563340865,14290290,15340310
1560393723663508761,14296681,15346702
1560393723763678624,14303051,15353098
1560393723863858942,14309574,15359630
1560393723963988813,14315762,15365927
1560393724064162220,14322276,15372308
1560393724164308364,14328648,15378688
1560393724264442056,14335035,15385054
1560393724364620556,14341430,15391408
1560393724464761893,14347796,15397750
1560393724564929728,14354106,15404049
1560393724665082950,14360431,15410371
1560393724765222520,14366759,15416739
1560393724865370202,14373150,15423140
1560393724965553323,14379457,15429491
1560393725065697285,14385828,15435861
1560393725165866079,14392170,15442191
1560393725266029959,14398479,15448519
1560393725366207790,14404867,15454857
1560393725466343316,14411236,15461221
1560393725566470249,14417588,15467617
1560393725666642896,14424006,15474037
1560393725766812115,14430364,15480395
1560393725866953651,14436763,15486773
1560393725967118845,14443122,15493160
1560393726067284307,14449465,15499459
1560393726167427632,14455856,15505802
1560393726277913753,14468531,15518496
1560393726378354340,14474917,15524902
1560393726478656211,14481277,15531292
1560393726578912197,14487621,15537567
1560393726679161111,14494016,15543889
1560393726779322006,14500383,15550296
1560393726879458715,14506755,15556685
1560393726979599302,14513123,15563041
1560393727079789053,14519485,15569369
1560393727179975261,14525912,15575791
1560393727280166463,14532211,15582106
1560393727380328774,14538591,15588484
1560393727480508084,14545047,15594901
1560393727580689312,14551364,15601271
1560393727680835067,14557685,15607650
1560393727780997442,14564055,15613999
1560393727881134135,14570433,15620385
1560393727981278338,14576766,15626727
1560393728081457463,14583158,15633099
1560393728181587468,14589478,15639462
1560393728281717551,14595857,15645872
1560393728381914312,14602268,15652257
1560393728482082496,14608608,15658593
1560393728582251810,14614953,15664903
1560393728682377348,14621274,15671255
1560393728782495692,14627650,15677626
1560393728882625605,14634065,15684156
1560393728982794771,14640392,15690464
1560393729083002061,14646962,15696855
1560393729183225169,14653297,15703216
1560393729283371173,14659615,15709574
1560393729383575151,14665972,15715945
1560393729483726140,14672286,15722265
1560393729583862468,14678607,15728611
1560393729683991732,14684990,15734974
1560393729784127220,14691348,15741364
1560393729884283181,14697696,15747714
1560393729984434149,14704105,15754102
1560393730184788638,14716106,15767383
1560393730284956836,14719356,15773788
1560393730385120640,14722423,15780059
1560393730485264218,14725707,15786571
1560393730585389502,14728824,15792920
1560393730685561186,14732003,15799254
1560393730785689651,14735271,15805687
1560393730885850359,14738400,15812019
1560393730986017703,14741603,15818424
1560393731086181541,14744795,15824814
1560393731186310492,14747947,15831243
1560393731286443893,14751100,15837542
1560393731386567872,14754273,15843886
1560393731486711549,14757411,15850208
1560393731586884541,14760581,15856576
1560393731687056090,14763768,15862917
1560393731787228893,14766942,15869350
1560393731887401166,14770117,15875749
1560393731987556576,14773333,15882092
1560393732087727813,14776533,15888478
1560393732187920241,14779640,15894809
1560393732288079089,14782895,15901128
1560393732388184421,14786041,15907417
1560393732488341118,14789190,15913790
1560393732588471944,14792430,15920204
1560393732698964979,14798767,15932990
1560393732799094794,14801992,15939332
1560393732899225829,14805146,15945621
1560393732999369324,14808294,15952026
1560393733099547013,14811674,15958539
1560393733199711686,14814584,15964558
1560393733299875048,14817884,15971086
1560393733400003782,14821173,15977641
1560393733500171997,14824335,15983953
1560393733600301742,14827533,15990361
1560393733700438493,14830691,15996695
1560393733800560815,14833895,16003053
1560393733900721329,14837064,16009422
1560393734000864559,14840232,16015784
1560393734101008743,14843403,16022104
1560393734201144093,14846612,16028461
1560393734301267499,14849730,16034825
1560393734401427360,14852961,16041212
1560393734501591221,14856175,16047624
1560393734601712965,14859269,16053927
1560393734701846092,14862473,16060267
1560393734801997803,14865637,16066623
1560393734902167859,14868784,16072988
1560393735002334937,14872020,16079384
1560393735102514807,14875240,16085734
1560393735202634933,14878461,16092018
1560393735302831763,14881830,16098370
1560393735402992111,14885007,16104725
1560393735503170149,14888035,16111237
1560393735603373724,14891080,16117643
1560393735703519436,14894108,16123655
1560393735903869360,14902288,16137186
1560393736004001625,14908600,16143535
1560393736104157732,14915196,16150050
1560393736204277652,14921510,16156410
1560393736304438333,14927839,16162682
1560393736404633001,14934244,16169099
1560393736504796797,14940640,16175520
1560393736604953564,14947010,16181893
1560393736705155039,14953314,16188246
1560393736805350896,14959638,16194614
1560393736905539861,14966067,16200999
1560393737005681731,14972373,16207292
1560393737105844861,14978765,16213671
1560393737206000221,14985172,16220062
1560393737306164074,14991487,16226428
1560393737406306456,14997883,16232834
1560393737506434808,15004275,16239183
1560393737606618600,15010605,16245503
1560393737706769821,15016928,16251829
1560393737806912621,15023276,16258179
1560393737907076580,15029629,16264553
1560393738007273745,15036047,16270974
1560393738107402087,15042358,16277319
1560393738207520052,15048734,16283674
1560393738307720495,15055157,16290097
1560393738407944267,15061472,16296443
1560393738508333334,15067773,16302716
1560393738608652615,15074385,16309276
1560393738709059043,15080720,16315623
1560393738809403648,15087082,16321983
1560393738909638697,15093445,16328407
1560393739009943663,15099807,16334779
1560393739110201803,15106145,16341056
1560393739210367500,15112478,16347377
1560393739310498692,15118840,16353773
1560393739410670070,15125226,16360126
1560393739510849677,15131594,16366479
1560393739611026921,15137952,16372790
1560393739711212634,15144331,16379121
1560393739811390283,15150669,16385493
1560393739911543426,15156985,16391845
1560393740011740804,15163292,16398222
1560393740111891940,15169629,16404589
1560393740212028292,15175968,16410930
1560393740312171800,15182314,16417265
1560393740412311870,15188625,16423622
1560393740512451054,15194990,16429939
1560393740612577978,15201429,16436387
1560393740712704309,15207800,16442741
1560393740812838167,15214231,16449113
1560393740912974811,15220562,16455441
1560393741013115065,15226931,16461767
1560393741113262367,15233296,16468146
1560393741213445253,15239687,16474573
1560393741313591285,15246065,16480940
1560393741413767540,15252445,16487279
1560393741513932474,15258799,16493614
1560393741614107798,15265188,16499975
1560393741714276568,15271605,16506425
1560393741814411462,15277928,16512787
1560393741914532680,15284295,16519149
1560393742014697766,15290640,16525490
1560393742114866504,15296986,16531828
1560393742215133641,15303353,16538198
1560393742315306344,15309677,16544560
1560393742415456699,15316067,16550959
1560393742525996484,15328749,16563584
1560393742626194523,15335115,16569918
1560393742726411423,15341560,16576398
1560393742826617197,15347911,16582769
1560393742926763291,15354230,16589125
1560393743026949240,15360624,16595568
1560393743127145262,15366953,16601904
1560393743227387025,15373332,16608262
1560393743327500930,15379671,16614629
1560393743427660369,15386272,16621227
1560393743527859337,15392413,16627583
1560393743628095091,15398976,16633972
1560393743728250809,15405418,16640338
1560393743828556035,15411737,16646660
1560393743938975953,15424395,16659291
1560393744039148944,15430781,16665694
1560393744139321226,15437127,16672049
1560393744239483745,15443501,16678434
1560393744339614052,15449825,16684773
1560393744440481288,15456213,16691169
1560393744540894527,15462524,16697515
1560393744641251754,15468803,16703802
1560393744741783266,15475166,16710080
1560393744842112883,15481538,16716460
1560393744942256126,15487913,16722858
1560393745042390157,15494286,16729267
1560393745142567412,15500637,16735631
1560393745242791737,15506966,16741871
1560393745342946164,15513352,16748247
1560393745443144329,15519743,16754683
1560393745543340341,15526089,16761037
1560393745653693575,15538860,16773740
1560393745753850808,15545273,16780066
1560393745854032290,15551704,16786498
1560393745954190893,15558044,16792845
1560393746054332231,15564423,16799221
1560393746154502069,15570754,16805617
1560393746254662205,15577096,16811960
1560393746354828133,15583451,16818327
1560393746555202085,15595523,16831704
1560393746655412440,15598754,16838130
1560393746755566960,15601800,16844372
1560393746855836961,15605050,16850767
1560393746956115574,15608236,16857184
1560393747056423852,15611371,16863455
1560393747156698660,15614584,16869820
1560393747256842191,15617748,16876221
1560393747357207782,15620867,16882529
1560393747457405724,15624139,16888977
1560393747557856868,15627258,16895308
1560393747658055633,15630449,16901663
1560393747758353809,15633683,16908071
1560393747858570906,15636837,16914422
1560393747959045782,15640119,16921013
1560393748059263543,15643218,16927309
1560393748159436312,15646496,16933694
1560393748259570737,15649631,16940060
1560393748359710524,15652857,16946443
1560393748459834123,15656019,16952812
1560393748559963063,15659157,16959126
1560393748660144184,15662331,16965400
1560393748760276251,15665531,16971790
1560393748860455205,15668672,16978149
1560393748960596394,15671866,16984504
1560393749060735719,15675094,16990916
1560393749160890984,15678226,16997218
1560393749261025074,15681430,17003571
1560393749361196155,15684603,17009895
1560393749461335916,15687808,17016330
1560393749571811697,15694162,17029079
1560393749672038530,15697355,17035485
1560393749772159106,15700489,17041796
1560393749872360064,15703718,17048151
1560393749972499941,15706919,17054549
1560393750072630895,15710044,17060849
1560393750173014362,15713278,17067243
1560393750273268261,15716467,17073646
1560393750373503395,15719589,17079992
1560393750473721309,15722842,17086430
1560393750574069021,15725973,17092775
1560393750674276513,15729156,17099124
1560393750774456216,15732294,17105355
1560393750874605807,15735465,17111649
1560393750974739685,15738668,17118123
1560393751075019396,15741911,17124588
1560393751175193478,15745067,17130953
1560393751275378314,15748218,17137270
1560393751375642063,15751400,17143565
1560393751475809912,15754557,17149887
1560393751575958826,15757751,17156312
1560393751676116415,15760915,17162697
1560393751776277505,15764141,17169039
1560393751876441042,15767292,17175408
1560393751976582053,15770472,17181754
1560393752076710605,15773688,17188083
1560393752176875423,15776873,17194481
1560393752277049201,15780043,17200859
1560393752377209899,15783276,17207242
1560393752477396827,15786453,17213611
1560393752577576107,15789552,17219928
1560393752677706121,15792842,17226391
1560393752878062803,15800805,17239740
1560393752978202994,15807142,17246067
1560393753078348451,15813648,17252732
1560393753178495810,15820023,17259043
1560393753278636493,15826427,17265372
1560393753378775530,15832865,17271785
1560393753478949644,15839198,17278106
1560393753579134828,15845593,17284450
1560393753679260790,15851928,17290772
1560393753779404016,15858240,17297095
1560393753879573292,15864575,17303484
1560393753979712905,15870907,17309857
1560393754079895889,15877287,17316241
1560393754180122946,15883663,17322580
1560393754280290951,15889996,17328931
1560393754380527741,15896399,17335269
1560393754480697987,15902734,17341635
1560393754580836353,15909084,17348018
1560393754681011462,15915463,17354398
1560393754781331101,15921764,17360711
1560393754881525524,15928149,17367031
1560393754991939127,15940871,17379744
1560393755092074930,15947222,17386137
1560393755192200450,15953565,17392465
1560393755292368521,15959867,17398826
1560393755392499507,15966268,17405180
1560393755492633146,15972603,17411519
1560393755592803414,15978978,17417932
1560393755692951391,15985381,17424340
1560393755793095276,15991756,17430725
1560393755893273015,15998107,17437078
1560393755993729650,16004449,17443401
1560393756093945037,16010804,17449734
1560393756194309803,16017217,17456129
1560393756294553217,16023584,17462464
1560393756394681724,16029922,17468865
1560393756494851743,16036318,17475230
1560393756594982597,16042687,17481587
1560393756695125334,16049074,17487996
1560393756795261883,16055417,17494357
1560393756895427096,16061785,17500675
1560393756995561382,16068119,17506978
1560393757095735281,16074498,17513329
1560393757195898372,16080862,17519718
1560393757296068115,16087220,17526141
1560393757396196579,16093612,17532511
1560393757496325141,16099936,17538822
1560393757596495636,16106305,17545127
1560393757696625398,16112733,17551557
1560393757796764659,16119052,17557924
1560393757896899856,16125458,17564285
1560393757997042709,16131805,17570618
1560393758097156915,16138165,17576975
1560393758197320043,16144748,17583559
1560393758297460198,16150895,17589871
1560393758397624483,16157401,17596287
1560393758497768180,16163793,17602689
1560393758597890361,16170159,17609072
1560393758698058487,16176495,17615400
1560393758798200629,16182901,17621776
1560393758898377785,16189215,17628093
1560393758998522760,16195576,17634446
1560393759098658651,16201931,17640825
1560393759198782299,16208296,17647210
1560393759298951188,16214636,17653581
1560393759399083191,16220925,17659898
1560393759499224515,16227302,17666253
1560393759599361601,16233686,17672604
1560393759699530478,16240043,17678991
1560393759799666089,16246460,17685339
1560393759899815722,16252853,17691679
1560393759999944430,16259181,17698025
1560393760100108209,16265545,17704432
1560393760200246904,16271898,17710849
1560393760300410664,16278276,17717213
1560393760400542974,16284638,17723546
1560393760500670909,16290976,17729880
1560393760600799562,16297302,17736208
1560393760700962520,16303720,17742604
1560393760801098430,16310048,17748992
1560393760901262281,16316425,17755347
1560393761001416755,16322827,17761694
1560393761101595072,16329172,17768011
1560393761201744011,16335563,17774395
1560393761302030078,16341984,17780829
1560393761402241238,16348293,17787202
1560393761502370474,16354617,17793554
1560393761602510641,16360960,17799902
1560393761702766861,16367298,17806257
1560393761802938168,16373729,17812654
1560393761903067091,16380047,17819046
1560393762003221551,16386472,17825442
1560393762103437251,16392835,17831817
1560393762203692116,16399182,17838155
1560393762303948430,16405616,17844531
1560393762404257354,16411934,17850852
1560393762604909137,16424143,17864405
1560393762705176351,16427252,17870789
1560393762805354230,16430383,17877058
1560393762905527217,16433654,17883482
1560393763005782031,16436811,17889884
1560393763105909563,16439944,17896231
1560393763206049775,16443139,17902487
1560393763306194752,16446296,17908785
1560393763406333201,16449463,17915138
1560393763506487846,16452693,17921564
1560393763606631935,16455860,17927994
1560393763706774957,16459030,17934346
1560393763806956498,16462166,17940602
1560393763907089348,16465688,17947592
1560393764007220342,16468832,17953992
1560393764107392757,16472040,17960373
1560393764207535363,16475244,17966712
1560393764307738539,16478393,17973093
1560393764407938266,16481629,17979459
1560393764508113387,16484797,17985838
1560393764608272635,16487981,17992217
1560393764708437551,16491174,17998665
1560393764808590960,16494363,18005011
1560393764908727069,16497537,18011426
1560393765008875086,16500709,18017810
1560393765109052941,16503931,18024173
1560393765209181717,16507081,18030513
1560393765309300249,16510264,18036853
1560393765409407715,16513473,18043252
1560393765509571247,16516655,18049615
1560393765709880641,16524620,18062923
1560393765810016613,16530918,18069250
1560393765910186732,16537438,18075743
1560393766010353898,16543764,18082053
1560393766110528167,16550095,18088371
1560393766210707611,16556500,18094727
1560393766310854588,16562861,18101092
1560393766411027989,16569225,18107688
1560393766511198568,16575609,18114073
1560393766611329305,16582123,18120419
1560393766721760438,16594856,18133148
1560393766821942780,16601200,18139480
1560393766922109035,16607602,18145867
1560393767022266520,16613970,18152227
1560393767122418590,16620221,18158554
1560393767222607928,16626603,18164832
1560393767322747169,16632998,18171215
1560393767422933201,16639355,18177575
1560393767523074502,16645730,18183954
1560393767623255851,16652091,18190321
1560393767723442468,16658472,18196751
1560393767823587241,16664799,18203073
1560393767923755554,16671130,18209397
1560393768023895762,16677490,18215788
1560393768124035249,16683911,18222205
1560393768224198356,16690293,18228616
1560393768324386613,16696663,18234954
1560393768424537520,16703008,18241293
1560393768524689893,16709396,18247690
1560393768624818447,16715741,18254030
1560393768724991346,16722109,18260368
1560393768825124608,16728466,18266772
1560393768925285050,16734849,18273171
1560393769025449353,16741211,18279517
1560393769125593664,16747600,18285923
1560393769225732768,16753976,18292290
1560393769325902261,16760349,18298651
1560393769526245720,16773754,18310675
1560393769626384455,16780122,18313909
1560393769726553643,16786388,18316934
1560393769826698974,16792786,18320203
1560393769926853403,16799207,18323424
1560393770027028430,16805539,18326629
1560393770127169309,16811936,18329820
1560393770227302455,16818269,18332993
1560393770327438994,16824629,18336217
1560393770427586259,16831166,18339339
1560393770527729484,16837552,18342508
1560393770627905215,16843941,18345700
1560393770728039655,16850232,18348863
1560393770828170267,16856633,18352079
1560393770928352149,16863004,18355294
1560393771028511104,16869278,18358460
1560393771128642365,16875688,18361649
1560393771228817483,16882001,18364801
1560393771328940683,16888343,18367982
1560393771429062588,16894704,18371139
1560393771529239608,16901039,18374327
1560393771629412192,16907372,18377472
1560393771729565359,16913778,18380662
1560393771829689685,16920144,18383873
1560393771929850296,16926508,18387025
1560393772029992431,16932863,18390228
1560393772130155172,16939273,18393460
1560393772230299363,16945647,18396652
1560393772340779016,16958291,18403015
1560393772440926401,16964644,18406214
1560393772541083807,16971051,18409425
1560393772641227607,16977359,18412592
1560393772741374831,16983765,18415769
1560393772841508243,16990099,18418941
1560393772941641731,16996466,18422089
1560393773041765221,17002926,18425317
1560393773141904664,17009263,18428490
1560393773242070254,17015593,18431657
1560393773342209783,17021931,18434829
1560393773442343773,17028294,18438037
1560393773542472964,17034669,18441236
1560393773642634856,17041031,18444436
1560393773742801493,17047375,18447611
1560393773853360913,17060081,18453966
1560393773953889354,17066499,18457141
1560393774054163420,17072831,18460293
1560393774154303545,17079214,18463474
1560393774254428729,17085601,18466646
1560393774354572949,17091950,18469805
1560393774454748046,17098321,18473036
1560393774554924528,17104664,18476216
1560393774755235165,17118237,18484282
1560393774855408865,17124379,18490539
1560393774955617281,17131026,18497050
1560393775055742615,17137401,18503417
1560393775155902482,17143731,18509759
1560393775256061041,17150117,18516153
1560393775356222826,17156420,18522476
1560393775456410192,17162732,18528829
1560393775566835782,17175459,18541556
1560393775667018547,17181807,18547916
1560393775767209813,17188148,18554274
1560393775867417487,17194512,18560582
1560393775967641825,17200822,18566890
1560393776067972034,17207182,18573226
1560393776168247407,17213555,18579581
1560393776268537458,17219907,18586009
1560393776368814605,17226280,18592326
1560393776469107137,17232701,18598750
1560393776569303931,17238997,18605042
1560393776669515374,17245391,18611426
1560393776769708061,17251776,18617805
1560393776869886657,17258128,18624192
1560393776970147097,17264456,18630579
1560393777070282661,17270790,18636974
1560393777170431820,17277155,18643333
1560393777270605721,17283535,18649678
1560393777380950537,17296242,18662346
1560393777481069779,17302632,18668768
1560393777581257378,17309023,18675146
1560393777681420007,17315407,18681516
1560393777781551050,17321796,18687883
1560393777881721234,17328186,18694292
1560393777981863323,17334521,18700574
1560393778081994193,17340894,18706915
1560393778182221599,17347196,18713216
1560393778292634626,17359876,18726012
1560393778392821616,17366240,18732364
1560393778493005684,17372585,18738690
1560393778593172198,17378906,18745002
1560393778693313019,17385296,18751397
1560393778793474633,17391703,18757813
1560393778893645837,17398049,18764153
1560393778993767653,17404443,18770486
1560393779093939864,17410854,18776953
1560393779194101352,17417128,18783281
1560393779294215886,17423537,18789649
1560393779394355243,17429940,18796046
1560393779494530171,17436348,18802365
1560393779594655817,17442707,18808720
1560393779694790214,17449278,18815265
1560393779794942388,17455645,18821637
1560393779895070184,17461964,18827958
1560393779995199934,17468265,18834297
1560393780095318847,17474632,18840683
1560393780195448007,17480986,18847086
1560393780295616049,17487316,18853448
1560393780395742531,17493646,18859758
1560393780495877111,17499956,18866113
1560393780596051334,17506316,18872438
1560393780696193375,17512631,18878806
1560393780796367962,17518964,18885144
1560393780896488907,17525346,18891507
1560393780996640103,17531710,18897838
1560393781107056837,17544461,18910612
1560393781207183944,17550810,18916951
1560393781307353835,17557146,18923290
1560393781407507636,17563511,18929642
1560393781507655702,17569907,18936073
1560393781607784743,17576275,18942397
1560393781707912655,17582689,18948813
1560393781808070470,17589043,18955174
1560393781908239047,17595486,18961558
1560393782008410110,17601798,18967853
1560393782108534182,17608156,18974237
1560393782208704151,17614579,18980675
1560393782308870162,17620894,18987041
1560393782409014048,17627275,18993410
1560393782509172929,17633620,18999727
1560393782609304148,17639962,19006079
1560393782709476300,17646416,19012462
1560393782809597981,17652734,19018847
1560393782909733077,17659148,19025262
1560393783009899930,17665492,19031628
1560393783110096371,17671805,19037947
1560393783210227319,17678150,19044285
1560393783310353156,17684519,19050635
1560393783410481236,17690860,19056986
1560393783510619787,17697243,19063359
1560393783610792215,17703618,19069761
1560393783710962864,17709946,19076148
1560393783811154987,17716363,19082537
1560393783911326166,17722732,19088937
1560393784011490331,17729112,19095312
1560393784111616708,17735497,19101642
1560393784211798164,17741839,19107926
1560393784311947851,17748214,19114458
1560393784412121019,17754549,19120866
1560393784512310123,17761054,19127279
1560393784612504492,17767398,19133642
1560393784712674288,17773741,19139895
1560393784812817355,17780105,19146262
1560393784912896376,17786465,19152611
1560393785013060343,17792806,19159014
1560393785113181674,17799155,19165344
1560393785213308670,17805598,19171695
1560393785313474696,17811919,19178041
1560393785413624049,17818209,19184373
1560393785513789055,17824536,19190723
1560393785613973650,17830910,19197133
1560393785714150759,17837262,19203478
1560393785814289586,17843631,19209807
1560393785914428917,17849967,19216185
1560393786114799322,17862072,19229508
1560393786214962775,17865330,19235903
1560393786315098624,17868308,19242188
1560393786415322321,17871581,19248627
1560393786526268189,17877921,19261268
1560393786626391081,17881122,19267617
1560393786726549710,17884333,19274020
1560393786826712330,17887505,19280386
1560393786926830852,17890660,19286776
1560393787026991551,17893872,19293103
1560393787127113219,17897073,19299478
1560393787227255799,17900219,19305867
1560393787327388992,17903423,19312266
1560393787427511761,17906638,19318662
1560393787527668686,17909729,19324973
1560393787627783597,17912962,19331350
1560393787727931414,17916173,19337774
1560393787828086073,17919286,19344134
1560393787928275943,17922521,19350545
1560393788028411595,17925726,19356926
1560393788128499594,17928874,19363232
1560393788228631561,17932075,19369591
1560393788328781721,17935276,19375980
1560393788428939943,17938429,19382340
1560393788529119776,17941629,19388693
1560393788629232497,17944814,19395072
1560393788729371342,17947976,19401434
1560393788829532381,17951148,19407732
1560393788929690707,17954345,19414132
1560393789029837927,17957485,19420495
1560393789130011783,17960651,19426872
1560393789230158283,17963857,19433266
1560393789340577682,17970198,19446102
1560393789440692314,17973495,19452411
1560393789540820111,17976688,19458751
1560393789640984388,17979805,19465106
1560393789741141262,17983035,19471509
1560393789841287274,17986218,19477875
1560393789941428167,17989326,19484209
1560393790041609450,17992564,19490603
1560393790141789898,17995761,19496947
1560393790241923857,17998905,19503220
1560393790342068775,18002103,19509533
1560393790452479888,18008473,19522318
1560393790552654458,18011680,19528773
1560393790652834948,18014849,19535096
1560393790753024028,18018031,19541429
1560393790853159308,18021170,19547718
1560393790953338743,18024404,19554134
1560393791053526790,18027583,19560540
1560393791153666601,18030735,19566847
1560393791253813776,18033984,19573226
1560393791353954619,18037444,19580225
1560393791454093888,18040650,19586637
1560393791554255794,18043855,19593010
1560393791654382388,18047029,19599406
1560393791754508387,18050209,19605770
1560393791854637298,18053399,19612095
1560393791954804753,18056619,19618476
1560393792054936501,18059725,19624830
1560393792155113973,18062945,19631181
1560393792255277744,18066148,19637608
1560393792355444051,18069259,19643975
1560393792455621054,18072487,19650340
1560393792555784797,18075692,19656719
1560393792655955486,18078826,19663009
1560393792756078613,18082036,19669361
1560393792856212592,18085530,19676395
1560393792956355997,18088723,19682783
1560393793056481741,18091936,19689167
1560393793156634264,18095128,19695510
1560393793256778021,18098275,19701858
1560393793356915024,18101470,19708224
1560393793457094189,18104695,19714627
1560393793557281714,18107858,19720982
1560393793657481609,18111019,19727319
1560393793757651230,18114243,19733698
1560393793857785076,18117396,19740046
1560393793957945551,18120686,19746656
1560393794068383515,18127046,19759381
1560393794168531998,18130223,19765688
1560393794268676953,18133381,19772008
1560393794368832264,18136619,19778415
1560393794569256369,18144611,19791782
1560393794669420892,18150889,19798095
1560393794769563020,18157361,19804528
1560393794869749228,18163659,19810838
1560393794969991618,18169937,19817209
1560393795070175962,18176394,19823641
1560393795170353963,18182718,19829969
1560393795270513901,18189098,19836331
1560393795370678973,18195538,19842708
1560393795470832182,18201904,19849045
1560393795570974762,18208303,19855401
1560393795671166664,18214621,19861752
1560393795771338248,18220983,19868187
1560393795871481339,18227311,19874525
1560393795971746839,18233715,19880902
1560393796071891212,18240051,19887243
1560393796172023880,18246479,19893643
1560393796272188170,18253462,19900631
1560393796372319730,18259752,19906906
1560393796472437257,18266123,19913233
1560393796572603488,18272470,19919608
1560393796672726463,18278825,19926036
1560393796772890307,18285219,19932413
1560393796873042261,18291571,19938741
1560393796973168384,18297958,19945090
1560393797073258834,18304326,19951457
1560393797273641913,18317713,19963607
1560393797373763999,18324088,19966828
1560393797473956747,18330370,19969840
1560393797574123756,18336857,19973124
1560393797674272101,18343215,19976302
1560393797774429527,18349545,19979448
1560393797874575345,18355902,19982666
1560393797974746009,18362212,19985853
1560393798074876001,18368754,19989121
1560393798175005667,18374929,19992231
