1560393549082715222,-12.3,-1.74
1560393549182902646,-12.32,-1.8
1560393549283015443,-12.34,-1.77
1560393549383179260,-12.36,-1.76
1560393549483333846,-12.37,-1.82
1560393549583523866,-12.39,-1.83
1560393549683682159,-12.41,-1.8
1560393549783820348,-12.43,-1.74
1560393549883959515,-12.45,-1.77
1560393549984087228,-12.46,-1.73
1560393550084221719,-12.48,-1.71
1560393550184385100,-12.5,-1.71
1560393550284503852,-12.51,-1.64
1560393550384609542,-12.53,-1.59
1560393550484746073,-12.55,-1.59
1560393550584909898,-12.56,-1.56
1560393550685049687,-12.58,-1.56
1560393550785204034,-12.59,-1.57
1560393550885326238,-12.61,-1.55
1560393550985491586,-12.62,-1.53
1560393551085641898,-12.64,-1.47
1560393551185780755,-12.65,-1.47
1560393551285925678,-12.67,-1.43
1560393551386097545,-12.68,-1.41
1560393551486223244,-12.7,-1.46
1560393551586385338,-12.71,-1.35
1560393551686583201,-12.72,-1.35
1560393551786741189,-12.74,-1.25
1560393551886874969,-12.75,-1.19
1560393551987042402,-12.76,-1.18
1560393552087194589,-12.77,-1.14
1560393552187311413,-12.78,-1.09
1560393552287513081,-12.8,-1.09
1560393552387667341,-12.81,-1.06
1560393552487788844,-12.82,-1.06
1560393552587910035,-12.83,-0.97
1560393552688046594,-12.84,-0.97
1560393552788173158,-12.85,-0.95
1560393552888298459,-12.86,-0.88
1560393552988449071,-12.86,-0.83
1560393553088603445,-12.87,-0.81
1560393553188722050,-12.88,-0.77
1560393553288908362,-12.89,-0.77
1560393553389039048,-12.89,-0.68
1560393553489166855,-12.9,-0.68
1560393553589291392,-12.91,-0.62
1560393553689475604,-12.91,-0.6
1560393553789601239,-12.92,-0.55
1560393553889736116,-12.93,-0.48
1560393553989909704,-12.93,-0.52
1560393554090032366,-12.94,-0.48
1560393554190160273,-12.94,-0.45
1560393554290308712,-12.94,-0.4
1560393554390444523,-12.95,-0.22
1560393554490570318,-12.95,-0.14
1560393554590696227,-12.95,-0.33
1560393554690840801,-12.95,-0.13
1560393554791000837,-12.95,-0.1
1560393554891126206,-12.96,-0.06
1560393554991302649,-12.96,0.02
1560393555091487991,-12.96,0.04
1560393555191780098,-12.96,0.02
1560393555292183240,-12.95,0.06
1560393555392520307,-12.95,0.06
1560393555492740555,-12.95,0.07
1560393555593117158,-12.95,0.06
1560393555693329834,-12.95,0.12
1560393555793482279,-12.95,0.04
1560393555893666139,-12.95,0.05
1560393555993845837,-12.95,0.08
1560393556093973981,-12.95,0.01
1560393556194174168,-12.95,0.01
1560393556294356204,-12.95,0.02
1560393556394511871,-12.95,0.01
1560393556494687170,-12.95,0.02
1560393556594848979,-12.95,0.01
1560393556694989146,-12.95,-0.05
1560393556795157473,-12.95,-0.05
1560393556895308650,-12.95,-0.01
1560393556995458114,-12.95,0
1560393557095577366,-12.95,0
1560393557195706396,-12.95,-0.04
1560393557295857731,-12.95,0.02
1560393557395979643,-12.95,-0.03
1560393557496109480,-12.95,-0.05
1560393557596234849,-12.95,-0.01
1560393557696351013,-12.95,-0.01
1560393557796462525,-12.95,0
1560393557896594340,-12.95,-0.01
1560393557996729904,-12.95,-0.01
1560393558096906908,-12.95,-0.02
1560393558197058342,-12.95,0
1560393558297184500,-12.95,0.05
1560393558397306913,-12.95,0.05
1560393558497432319,-12.95,-0.03
1560393558597602223,-12.95,0
1560393558697731151,-12.95,-0.05
1560393558797894030,-12.95,-0.05
1560393558898023327,-12.95,-0.01
1560393558998218078,-12.95,-0.04
1560393559098315748,-12.95,0
1560393559198490158,-12.95,0.05
1560393559298637323,-12.95,0.02
1560393559398753513,-12.95,-0.03
1560393559498894656,-12.95,0
1560393559599033059,-12.95,-0.02
1560393559699165165,-12.95,-0.04
1560393559799339176,-12.95,0.02
1560393559899462493,-12.95,0.01
1560393559999579339,-12.95,0.04
1560393560099699392,-12.95,-0.03
1560393560199826334,-12.95,-0.01
1560393560299963215,-12.95,-0.05
1560393560400087916,-12.95,0.04
1560393560500205264,-12.95,-0.02
1560393560600350310,-12.95,0.03
1560393560700464438,-12.95,0.02
1560393560800589223,-12.95,-0.02
1560393560900750925,-12.95,-0.04
1560393561000904572,-12.95,-0.02
1560393561101052789,-12.95,0.02
1560393561201196776,-12.95,0
1560393561301326949,-12.95,0.03
1560393561401481183,-12.95,0.03
1560393561501621308,-12.95,-0.04
1560393561601791199,-12.95,0.03
1560393561701925177,-12.95,-0.03
1560393561802084568,-12.95,0
1560393561902230609,-12.95,0.01
1560393562002347226,-12.95,-0.01
1560393562102470266,-12.95,0.05
1560393562202628903,-12.95,0.05
1560393562302766432,-12.95,0.06
1560393562402887861,-12.95,0.11
1560393562503067516,-12.95,0
1560393562603251546,-12.95,0.06
1560393562703373751,-12.95,0.03
1560393562803541322,-12.95,-0.03
1560393562903715628,-12.95,0.09
1560393563003835769,-12.95,-0.02
1560393563104000713,-12.95,0
1560393563204117353,-12.95,0.01
1560393563304246609,-12.95,-0.08
1560393563404389007,-12.95,-0.01
1560393563504531064,-12.95,-0.02
1560393563604690071,-12.95,-0.09
1560393563704900343,-12.95,0.07
1560393563805016103,-12.95,0.06
1560393563905137355,-12.95,0.02
1560393564005224005,-12.95,0.08
1560393564105382130,-12.95,-0.01
1560393564205523486,-12.95,0.06
1560393564305657198,-12.95,0.06
1560393564405782940,-12.95,0.04
1560393564505900395,-12.95,0.05
1560393564606081023,-12.95,0.09
1560393564706217265,-12.94,0.07
1560393564806340189,-12.94,0.07
1560393564906506217,-12.94,0.1
1560393565006702157,-12.94,-0.01
1560393565106896281,-12.94,0
1560393565207106704,-12.94,0
1560393565307387283,-12.94,-0.01
1560393565407659322,-12.94,0.04
1560393565507922374,-12.94,0.1
1560393565608107732,-12.94,0.32
1560393565708274601,-12.94,0.23
1560393565808491467,-12.93,0.42
1560393565908701744,-12.93,0.5
1560393566008862197,-12.92,0.55
1560393566109003671,-12.92,0.57
1560393566209157301,-12.91,0.62
1560393566309298756,-12.91,0.67
1560393566409617557,-12.9,0.64
1560393566509808017,-12.89,0.73
1560393566609925345,-12.89,0.79
1560393566710110454,-12.88,0.84
1560393566810254533,-12.87,0.89
1560393566910383739,-12.86,0.91
1560393567010514657,-12.85,1.05
1560393567110660044,-12.84,1.04
1560393567210801499,-12.83,1.08
1560393567310927171,-12.82,1.2
1560393567411042556,-12.8,1.3
1560393567511208715,-12.79,1.37
1560393567611352727,-12.78,1.5
1560393567711511680,-12.76,1.59
1560393567811620443,-12.75,1.72
1560393567911735848,-12.73,1.81
1560393568011860853,-12.71,1.96
1560393568111987684,-12.69,1.99
1560393568212114849,-12.67,2.1
1560393568312267573,-12.65,2.13
1560393568412378719,-12.63,2.24
1560393568512500041,-12.6,2.32
1560393568612631915,-12.58,2.4
1560393568712757417,-12.55,2.55
1560393568812883877,-12.53,2.67
1560393568913015155,-12.5,2.73
1560393569013147237,-12.47,2.84
1560393569113273681,-12.44,2.88
1560393569213406138,-12.42,2.99
1560393569313532911,-12.38,3.14
1560393569413659870,-12.35,3.26
1560393569513805170,-12.32,3.48
1560393569613927636,-12.28,3.64
1560393569714054717,-12.25,3.79
1560393569814231338,-12.21,3.91
1560393569914361407,-12.17,3.94
1560393570014521031,-12.13,4.12
1560393570114635558,-12.09,4.22
1560393570214763345,-12.04,4.33
1560393570314882501,-12,4.44
1560393570415042104,-11.95,4.57
1560393570515161579,-11.91,4.61
1560393570615278398,-11.86,4.69
1560393570715437023,-11.82,4.75
1560393570815599869,-11.77,4.78
1560393570915717487,-11.72,4.85
1560393571015871098,-11.67,4.91
1560393571115995248,-11.62,4.97
1560393571216109886,-11.57,5.07
1560393571316247381,-11.52,5.23
1560393571416351534,-11.47,5.3
1560393571516460611,-11.41,5.44
1560393571616589345,-11.36,5.52
1560393571716726160,-11.3,5.55
1560393571816847372,-11.25,5.74
1560393571916982699,-11.19,5.9
1560393572017120485,-11.13,6.01
1560393572117258979,-11.07,6.13
1560393572217434337,-11.01,6.38
1560393572317564661,-10.94,6.52
1560393572417713625,-10.87,6.73
1560393572517843919,-10.81,6.86
1560393572617998847,-10.74,7.07
1560393572718137079,-10.67,7.28
1560393572818297770,-10.59,7.52
1560393572918419902,-10.52,7.77
1560393573018530612,-10.44,8.09
1560393573118704600,-10.35,8.3
1560393573218874698,-10.27,8.47
1560393573318990097,-10.18,8.73
1560393573419103491,-10.1,8.96
1560393573519303681,-13.56,0.13
1560393573619426067,-13.56,-0.03
1560393573719572695,-13.56,-0.19
1560393573819705526,-13.56,0.13
1560393573919823355,-13.56,-0.18
1560393574019938920,-13.56,-0.16
1560393574120050933,-13.56,-0.25
1560393574220172967,-13.56,-0.02
1560393574320297956,-13.56,-0.22
1560393574420464139,-13.57,-0.06
1560393574520600449,-13.57,0.12
1560393574620810654,-13.56,0.45
1560393574720984447,-13.56,0.19
1560393574821163593,-13.56,0.36
1560393574921391117,-13.56,-0.04
1560393575021614984,-13.56,0.02
1560393575121856522,-13.56,-0.23
1560393575222068250,-13.56,-0.09
1560393575322253934,-13.56,-0.04
1560393575422603174,-13.56,-0.01
1560393575522911778,-13.56,-0.42
1560393575623107216,-13.56,-0.38
1560393575723395194,-13.57,-0.36
1560393575823600284,-13.57,0.29
1560393575923777673,-13.57,0.11
1560393576023920611,-13.57,0.11
1560393576124049220,-13.56,0.12
1560393576224235265,-13.56,0.04
1560393576324376181,-13.56,-0.11
1560393576424557932,-13.56,0.16
1560393576524697338,-13.56,0
1560393576624826142,-13.56,-0.05
1560393576724951779,-13.57,-0.32
1560393576825095385,-13.57,-0.41
1560393576925263184,-13.57,-0.03
1560393577025393445,-13.57,0.13
1560393577125547506,-13.57,-0.09
1560393577225666127,-13.57,0.2
1560393577325768034,-13.57,0.29
1560393577425898847,-13.57,0.1
1560393577526027087,-13.56,-0.03
1560393577626185046,-13.56,0.03
1560393577726304868,-13.56,0.26
1560393577826443461,-13.56,0.12
1560393577926563910,-13.56,-0.06
1560393578026697744,-13.56,-0.13
1560393578126845639,-13.56,-0.22
1560393578226967088,-13.57,-0.3
1560393578327086125,-13.57,-0.12
1560393578427177343,-13.57,-0.16
1560393578527297100,-13.57,0.29
1560393578627416727,-13.57,0.06
1560393578727520613,-13.57,-0.22
1560393578827646379,-13.57,-0.19
1560393578927765581,-13.57,0.17
1560393579027899816,-13.57,-0.04
1560393579128013245,-13.57,0.02
1560393579228124214,-13.57,-0.08
1560393579328287318,-13.57,-0.11
1560393579428420552,-13.57,-0.16
1560393579528536073,-13.57,0
1560393579628662166,-13.57,0.09
1560393579728771976,-13.57,0.15
1560393579828884352,-13.57,0.02
1560393579928994868,-13.57,0.04
1560393580029137306,-13.57,-0.05
1560393580129300076,-13.57,0.22
1560393580229435675,-13.57,0.14
1560393580329559165,-13.57,-0.03
1560393580429686875,-13.57,0.05
1560393580529807423,-13.57,0.23
1560393580629927930,-13.57,-0.23
1560393580730037678,-13.57,-0.07
1560393580830153172,-13.57,-0.06
1560393580930266614,-13.57,0.13
1560393581030340853,-13.57,0.07
1560393581130466743,-13.57,0.26
1560393581230580731,-13.56,-0.19
1560393581330697932,-13.57,-0.03
1560393581430851075,-13.57,-0.15
1560393581530961048,-13.57,0.09
1560393581631119876,-13.57,0.14
1560393581731270839,-13.56,0.22
1560393581831381238,-13.56,-0.06
1560393581931492546,-13.57,-0.23
1560393582031604558,-13.57,-0.14
1560393582131721142,-13.57,0.33
1560393582231836784,-13.56,-0.01
1560393582331956979,-13.56,0.27
1560393582432119979,-13.56,0.4
1560393582532247943,-13.56,0.17
1560393582632361618,-13.56,0
1560393582732514556,-13.56,0.08
1560393582832623993,-13.56,-0.09
1560393582932738920,-13.56,0
1560393583032843404,-13.56,-0.27
1560393583132953502,-13.56,-0.34
1560393583233062295,-13.56,-0.22
1560393583333177625,-13.56,-0.06
1560393583433297264,-13.57,-0.13
1560393583533427815,-13.57,-0.16
1560393583633533926,-13.57,0.22
1560393583733640876,-13.56,0.16
1560393583833788412,-13.56,-0.15
1560393583933905534,-13.57,0.02
1560393584034011826,-13.56,0.23
1560393584134128137,-13.56,0.23
1560393584234258682,-13.56,0.18
1560393584334385191,-13.56,0.16
1560393584434531911,-13.56,-0.07
1560393584534702554,-13.56,-0.21
1560393584634829408,-13.56,-0.13
1560393584734979248,-13.56,-0.05
1560393584835098743,-13.56,0.11
1560393584935227894,-13.56,0.19
1560393585035344710,-13.56,-0.17
1560393585135477160,-13.56,-0.3
1560393585235560211,-13.56,0.12
1560393585335676372,-13.56,0.07
1560393585435791374,-13.56,0.12
1560393585535963530,-13.56,0.1
1560393585636251395,-13.56,0.26
1560393585736501969,-13.56,0.07
1560393585836701330,-13.56,0.13
1560393585936917583,-13.55,0.51
1560393586037202701,-13.55,0.6
1560393586137433068,-13.54,0.46
1560393586237847620,-13.54,0.49
1560393586338168298,-13.53,-0.09
1560393586438356261,-13.53,0.09
1560393586538474319,-13.53,-0.09
1560393586638602757,-13.54,-0.34
1560393586738729934,-13.54,-0.02
1560393586838852039,-13.54,0.14
1560393586938977109,-13.54,-0.15
1560393587039118941,-13.54,-0.2
1560393587139412307,-13.54,-0.05
1560393587239564144,-13.54,0.3
1560393587339728900,-13.54,0.15
1560393587439852037,-13.54,0.36
1560393587539967329,-13.53,0.4
1560393587640101081,-13.53,0.14
1560393587740250070,-13.53,-0.12
1560393587840383205,-13.53,0.02
1560393587940513322,-13.53,-0.03
1560393588040651194,-13.53,0.2
1560393588140775314,-13.53,-0.17
1560393588240942501,-13.53,-0.25
1560393588341058046,-13.53,-0.3
1560393588441198523,-13.53,0.08
1560393588541309588,-13.53,0.01
1560393588641439643,-13.53,0
1560393588741552402,-13.53,0.04
1560393588841704949,-13.53,0.21
1560393588941813629,-13.53,-0.23
1560393589041933668,-13.53,0.03
1560393589142048795,-13.53,-0.1
1560393589242196806,-13.53,0.04
1560393589342321616,-13.53,-0.14
1560393589442443713,-13.54,-0.21
1560393589542573808,-13.54,-0.01
1560393589642700757,-13.54,0.16
1560393589742775514,-13.54,-0.16
1560393589842897281,-13.54,0.12
1560393589943017175,-13.54,0.03
1560393590043135998,-13.53,0.28
1560393590143240817,-13.53,0.08
1560393590243361225,-13.53,-0.28
1560393590343480377,-13.53,0.15
1560393590443595915,-13.53,0.01
1560393590543753929,-13.53,-0.09
1560393590643867946,-13.53,0.05
1560393590743987573,-13.53,-0.14
1560393590844145119,-13.54,-0.07
1560393590944266323,-13.54,-0.13
1560393591044382586,-13.54,-0.03
1560393591144503449,-13.54,0.34
1560393591244616027,-13.53,0.32
1560393591344739385,-13.53,0.11
1560393591444894338,-13.53,-0.03
1560393591545043081,-13.53,0.09
1560393591645151134,-13.53,0.18
1560393591745269247,-13.53,0
1560393591845417528,-13.53,-0.01
1560393591945588028,-13.53,-0.03
1560393592045705800,-13.53,-0.14
1560393592145834297,-13.53,-0.29
1560393592245990291,-13.53,-0.22
1560393592346126520,-13.53,-0.03
1560393592446256681,-13.53,-0.08
1560393592546397851,-13.54,-0.19
1560393592646517434,-13.54,-0.09
1560393592746638455,-13.54,-0.05
1560393592846761403,-13.54,-0.09
1560393592946880123,-13.54,-0.1
1560393593047001022,-13.54,-0.05
1560393593147113073,-13.54,0.12
1560393593247224349,-13.54,-0.05
1560393593347344507,-13.54,-0.19
1560393593447515788,-13.54,-0.1
1560393593547631828,-13.54,0.16
1560393593647779242,-13.54,0.14
1560393593747900215,-13.54,0.11
1560393593848011318,-13.54,0.1
1560393593948165805,-13.54,0.17
1560393594048277788,-13.54,-0.32
1560393594148387193,-13.54,-0.19
1560393594248506121,-13.54,-0.08
1560393594348620088,-13.54,0.16
1560393594448736607,-13.54,-0.13
1560393594548893314,-13.54,-0.32
1560393594649016745,-13.55,-0.46
1560393594749164282,-13.55,-0.07
1560393594849291713,-13.55,-0.1
1560393594949410455,-13.55,-0.02
1560393595049527930,-13.55,0.06
1560393595149646186,-13.55,0.4
1560393595249836082,-13.55,0.13
1560393595350064645,-13.55,0.1
1560393595450247328,-13.54,0.08
1560393595550471879,-13.54,0.17
1560393595650663370,-13.54,-0.12
1560393595750825004,-13.54,-0.02
1560393595851125244,-13.54,0.02
1560393595951328654,-13.54,0.04
1560393596051548000,-13.54,-0.21
1560393596151758766,-13.55,-0.14
1560393596251966189,-13.55,-0.05
1560393596352128664,-13.55,0.12
1560393596452341054,-13.55,-0.05
1560393596552531453,-13.55,0.04
1560393596652641972,-13.55,-0.13
1560393596752773844,-13.55,0.13
1560393596852952734,-13.55,-0.12
1560393596953125875,-13.55,0.01
1560393597053279805,-13.55,0.04
1560393597153440732,-13.55,0.02
1560393597253605063,-13.55,-0.01
1560393597353771307,-13.55,0.21
1560393597453916456,-13.54,0.18
1560393597554027724,-13.54,0.48
1560393597654155087,-13.54,0.37
1560393597754320020,-13.53,0.38
1560393597854440924,-13.53,0.19
1560393597954607506,-13.53,0.38
1560393598054743025,-13.52,0.01
1560393598154902945,-13.52,-0.04
1560393598255036394,-13.52,0.05
1560393598355167225,-13.52,-0.05
1560393598455303560,-13.53,-0.21
1560393598555414696,-13.53,-0.28
1560393598655565681,-13.53,-0.12
1560393598755693718,-13.53,-0.02
1560393598855828611,-13.53,-0.14
1560393598955937367,-13.53,0
1560393599056093586,-13.53,0.16
1560393599156199694,-13.53,-0.01
1560393599256314335,-13.53,-0.18
1560393599356434677,-13.53,-0.11
1560393599456544057,-13.53,0.2
1560393599556655196,-13.53,0.14
1560393599656769451,-13.53,0.01
1560393599756893132,-13.53,0.01
1560393599857004892,-13.53,0.06
1560393599957149981,-13.53,0.08
1560393600057281181,-13.53,0.19
1560393600157403440,-13.53,0.03
1560393600257533152,-13.53,0.18
1560393600357692632,-13.53,-0.02
1560393600457821128,-13.53,-0.09
1560393600557933550,-13.53,0.07
1560393600658070569,-13.52,0.11
1560393600758189366,-13.52,-0.02
1560393600858344862,-13.53,-0.16
1560393600958454094,-13.53,-0.19
1560393601058615067,-13.53,0.25
1560393601158754447,-13.53,-0.09
1560393601258893240,-13.53,0
1560393601359051085,-13.53,0.05
1560393601459199669,-13.52,0.27
1560393601559327003,-13.52,0.15
1560393601659438055,-13.52,0.03
1560393601759556352,-13.52,-0.14
1560393601859709324,-13.52,0.01
1560393601959863980,-13.52,-0.21
1560393602059970868,-13.53,-0.19
1560393602160119887,-13.53,-0.34
1560393602260243456,-13.53,-0.11
1560393602360356295,-13.53,-0.58
1560393602460465503,-13.54,-0.62
1560393602560581986,-13.55,-0.61
1560393602660733684,-13.55,-0.01
1560393602760845666,-13.55,-0.44
1560393602860957206,-13.55,-0.17
1560393602961091247,-13.56,-0.11
1560393603061221501,-13.56,0.3
1560393603161348270,-13.55,0.04
1560393603261462769,-13.55,0.28
1560393603361601137,-13.55,0.02
1560393603461763545,-13.55,-0.11
1560393603561891745,-13.55,-0.41
1560393603662059668,-13.56,-0.18
1560393603762175547,-13.56,-0.04
1560393603862281888,-13.56,0.16
1560393603962398233,-13.56,0.05
1560393604062508215,-13.56,0.06
1560393604162634626,-13.55,0.04
1560393604262745181,-13.55,0.43
1560393604362861038,-13.55,0.08
1560393604462972120,-13.55,0.19
1560393604563125030,-13.55,0.23
1560393604663233169,-13.54,0.42
1560393604763366865,-13.54,0.16
1560393604863479859,-13.54,0.02
1560393604963624308,-13.54,-0.14
1560393605063744664,-13.54,-0.01
1560393605163872899,-13.54,-0.21
1560393605264003118,-13.54,-0.01
1560393605364117052,-13.54,0.03
1560393605464225740,-13.54,0.15
1560393605564343684,-13.54,-0.21
1560393605664464242,-13.54,-0.24
1560393605764581830,-13.55,-0.04
1560393605864713895,-13.55,0.22
1560393605964833570,-13.54,-0.08
1560393606064944145,-13.55,-0.02
1560393606165085710,-13.55,0.04
1560393606265210605,-13.54,0.05
1560393606365383635,-13.54,-0.07
1560393606465568970,-13.55,-0.21
1560393606565805425,-13.55,0.08
1560393606666058394,-13.55,-0.13
1560393606766234562,-13.55,-0.38
1560393606866398965,-13.55,-0.13
1560393606966661883,-13.55,0.07
1560393607066887670,-13.55,0.08
1560393607167055166,-13.55,-0.01
1560393607267207047,-13.55,0.02
1560393607367350511,-13.55,0.24
1560393607467469546,-13.55,0.16
1560393607567629336,-13.55,0.04
1560393607667758624,-13.55,0.13
1560393607767914477,-13.54,0.26
1560393607868044981,-13.54,0
1560393607968169747,-13.54,-0.14
1560393608068297121,-13.55,-0.18
1560393608168474174,-13.55,-0.19
1560393608268567136,-13.55,-0.44
1560393608368713295,-13.55,-0.39
1560393608468861971,-13.56,-0.14
1560393608569039140,-13.56,0.12
1560393608669152250,-13.56,-0.13
1560393608769282601,-13.56,-0.04
1560393608869410743,-13.56,0.13
1560393608969537804,-13.56,0.37
1560393609069654327,-13.55,0.16
1560393609169818274,-13.55,0.14
1560393609269941533,-13.55,-0.02
1560393609370098260,-13.55,0.18
1560393609470222863,-13.55,-0.08
1560393609570331166,-13.55,0.04
1560393609670442994,-13.55,-0.17
1560393609770554424,-13.55,-0.12
1560393609870665919,-13.55,-0.35
1560393609970804039,-13.56,-0.15
1560393610070925859,-13.56,-0.06
1560393610171053505,-13.56,0.22
1560393610271173729,-13.56,-0.11
1560393610371315171,-13.56,-0.13
1560393610471431927,-13.56,-0.51
1560393610571588264,-13.56,0.13
1560393610671711649,-13.56,-0.07
1560393610771862065,-13.56,0
1560393610871969929,-13.56,0.16
1560393610972112690,-13.56,0.19
1560393611072269328,-13.56,-0.03
1560393611172389641,-13.56,-0.07
1560393611272522138,-13.56,0.02
1560393611372666533,-13.56,0.09
1560393611472828769,-13.56,-0.11
1560393611572978335,-13.56,0.04
1560393611673126435,-13.56,0.16
1560393611773229534,-13.56,0.18
1560393611873338208,-13.56,-0.08
1560393611973448514,-13.56,-0.07
1560393612073558879,-13.56,0.05
1560393612173672087,-13.56,0.15
1560393612273787617,-13.56,-0.14
1560393612373900200,-13.56,-0.15
1560393612474051826,-13.56,0.03
1560393612574182271,-13.56,0.23
1560393612674301604,-13.56,-0.03
1560393612774467807,-13.56,0.18
1560393612874576240,-13.55,-0.07
1560393612974700509,-13.56,-0.39
1560393613074856355,-13.56,-0.82
1560393613174968719,-13.57,-1.47
1560393613275083120,-13.59,-1.97
1560393613375205135,-13.61,-2.62
1560393613475395313,-13.65,-3.63
1560393613575528275,-13.69,-4.33
1560393613675684789,-13.73,-5.14
1560393613775813993,-13.79,-6.01
1560393613875932201,-13.85,-6.78
1560393613976068508,-13.92,-7.42
1560393614076203195,-14,-7.87
1560393614176323326,-14.08,-8.23
1560393614276444567,-14.16,-8.4
1560393614376556939,-14.25,-8.38
1560393614476675504,-14.33,-8.21
1560393614576803684,-14.41,-8.23
1560393614676916776,-14.49,-7.85
1560393614777035053,-14.57,-7.42
1560393614877138449,-14.64,-7.25
1560393614977230869,-14.72,-7.23
1560393615077336238,-14.79,-7.02
1560393615177486298,-14.86,-6.72
1560393615277609743,-14.92,-6.65
1560393615377745117,-14.99,-6.6
1560393615477852893,-15.05,-6.4
1560393615577963384,-15.12,-6.24
1560393615678076264,-15.18,-6.25
1560393615778229767,-15.24,-6.46
1560393615878341343,-15.31,-6.32
1560393615978487484,-15.37,-6.32
1560393616078608524,-15.43,-6.55
1560393616178719859,-15.5,-6.75
1560393616278836298,-15.57,-6.56
1560393616378940124,-15.63,-6.52
1560393616479081333,-15.7,-6.8
1560393616579186846,-15.77,-6.92
1560393616679315330,-15.84,-6.92
1560393616779474873,-15.91,-7
1560393616879637058,-15.98,-7.15
1560393616979754043,-16.05,-7.37
1560393617079941865,-16.12,-7.14
1560393617180113837,-16.19,-7.02
1560393617280353134,-16.26,-6.99
1560393617380613340,-16.33,-7.1
1560393617480813455,-16.4,-6.83
1560393617581134790,-16.47,-6.52
1560393617681462818,-16.54,-6.47
1560393617781748139,-16.6,-6.5
1560393617882003697,-16.66,-6.16
1560393617982202658,-16.72,-6.07
1560393618082314542,-16.79,-6.23
1560393618182438038,-16.85,-6.53
1560393618282550930,-16.92,-6.69
1560393618382668391,-16.98,-6.66
1560393618482792979,-17.05,-6.99
1560393618582908887,-17.12,-7.29
1560393618683029262,-17.19,-7.05
1560393618783147697,-17.26,-7.05
1560393618883264975,-17.34,-7.08
1560393618983387848,-17.41,-7.11
1560393619083525822,-17.48,-6.78
1560393619183670701,-17.54,-6.39
1560393619283778306,-17.61,-6.43
1560393619383853167,-17.67,-6.4
1560393619483967983,-17.73,-6.01
1560393619584092301,-17.79,-6.07
1560393619684204708,-17.85,-6.35
1560393619784325821,-17.92,-6.6
1560393619884447503,-17.99,-6.61
1560393619984588390,-18.05,-6.57
1560393620084751583,-18.12,-6.74
1560393620184864000,-18.19,-6.77
1560393620284972666,-18.25,-6.56
1560393620385110848,-18.32,-6.52
1560393620485222167,-18.38,-6.44
1560393620585338725,-18.45,-6.34
1560393620685444788,-18.51,-6.19
1560393620785595816,-18.57,-6.2
1560393620885682158,-18.63,-6.24
1560393620985789963,-18.7,-6.37
1560393621085904402,-18.76,-6.34
1560393621186086350,-18.82,-6.46
1560393621286245480,-18.89,-6.61
1560393621386349870,-18.96,-6.77
1560393621486506233,-19.02,-6.96
1560393621586615858,-19.09,-7.01
1560393621686761798,-19.16,-7.16
1560393621786876191,-19.24,-7.13
1560393621886990919,-19.31,-7.05
1560393621987139859,-19.38,-7.05
1560393622087284436,-19.45,-7.1
1560393622187402184,-19.52,-7.03
1560393622287515487,-19.59,-6.92
1560393622387684049,-19.66,-7.04
1560393622487801160,-19.73,-7.25
1560393622587919708,-19.8,-6.94
1560393622688038232,-19.87,-6.75
1560393622788144591,-19.94,-6.76
1560393622888260032,-20,-6.69
1560393622988370761,-20.07,-6.54
1560393623088502806,-20.14,-6.49
1560393623188630695,-20.2,-6.55
1560393623288770194,-20.27,-6.74
1560393623388882472,-20.33,-6.71
1560393623488988266,-20.4,-6.72
1560393623589092770,-20.47,-6.9
1560393623689225761,-20.54,-7.08
1560393623789381537,-20.61,-6.87
1560393623889515687,-20.68,-6.79
1560393623989648467,-20.75,-7
1560393624089798954,-20.82,-7.02
1560393624189954960,-20.89,-6.72
1560393624290079024,-20.95,-6.52
1560393624390216984,-21.08,-6.67
1560393624490340019,-21.15,-6.38
1560393624590457610,-21.21,-6.4
1560393624690570457,-21.28,-6.74
1560393624790719849,-21.34,-6.81
1560393624890831488,-21.41,-6.56
1560393624990976552,-21.48,-6.38
1560393625091107857,-21.61,-6.57
1560393625191220815,-21.67,-6.23
1560393625291334033,-21.73,-6.1
1560393625391480560,-21.79,-6.24
1560393625491633486,-21.86,-6.34
1560393625591741834,-21.92,-6.17
1560393625691879401,-21.98,-6.15
1560393625792066648,-22.11,-7
1560393625892172284,-22.18,-6.94
1560393625992284900,-22.25,-6.87
1560393626092403424,-22.32,-7.15
1560393626192523981,-22.39,-7.28
1560393626292631771,-22.47,-7.13
1560393626392773998,-22.54,-7.19
1560393626492889681,-22.61,-7.1
1560393626593037579,-121.76,0.09
1560393626693154740,-121.76,0.12
1560393626793304755,-121.76,0.06
1560393626893426197,-121.76,0.04
1560393626993549749,-121.76,0.04
1560393627093663391,-121.76,0.01
1560393627193793019,-121.76,0.25
1560393627293963726,-121.75,0.06
1560393627394105825,-121.75,0.13
1560393627494235731,-121.75,0.15
1560393627594357529,-121.75,0.2
1560393627694554905,-121.75,0.39
1560393627794681321,-121.74,0.05
1560393627894858408,-121.74,0.17
1560393627995076200,-121.74,-0.04
1560393628095460135,-121.74,-0.17
1560393628195769859,-121.74,-0.01
1560393628295990376,-121.75,-0.09
1560393628396213574,-121.75,-0.27
1560393628496386309,-121.75,-0.08
1560393628596519942,-121.75,-0.29
1560393628696646157,-121.75,0.06
1560393628796778118,-121.75,-0.12
1560393628896912771,-121.75,-0.16
1560393628997044823,-121.75,-0.05
1560393629097184646,-121.75,0.28
1560393629197307259,-121.75,0.1
1560393629297428269,-121.75,0.14
1560393629397581812,-121.75,0.06
1560393629497709912,-121.75,0.04
1560393629597841082,-121.75,-0.1
1560393629697966544,-121.75,0.01
1560393629798127305,-121.75,0.03
1560393629898282167,-121.75,-0.09
1560393629998391878,-121.75,-0.43
1560393630098498668,-121.76,-0.46
1560393630198608035,-121.76,-0.45
1560393630298766261,-121.77,-0.39
1560393630398874653,-121.77,-0.16
1560393630499030914,-121.77,-0.02
1560393630599137566,-121.77,0.08
1560393630699215313,-121.77,0.3
1560393630799349728,-121.76,0.11
1560393630899488459,-121.76,0.15
1560393630999624652,-121.76,0.07
1560393631099749440,-121.76,0.11
1560393631199864654,-121.76,-0.08
1560393631299985283,-121.76,-0.18
1560393631400101879,-121.76,-0.21
1560393631500210483,-121.77,-0.24
1560393631600338236,-121.77,-0.54
1560393631700464798,-121.78,-0.38
1560393631800599394,-121.78,-0.52
1560393631900729321,-121.78,-0.42
1560393632000840135,-121.79,-0.51
1560393632100960416,-121.79,-0.16
1560393632201111714,-121.79,0.12
1560393632301236890,-121.79,0.44
1560393632401392140,-121.78,0.52
1560393632501525532,-121.78,0.9
1560393632601689597,-121.77,1.14
1560393632701817331,-121.76,1.29
1560393632801956477,-121.74,1.38
1560393632902067395,-121.73,1.29
1560393633002189907,-121.72,1.04
1560393633102307210,-121.71,0.55
1560393633202435079,-121.71,-0.11
1560393633302544368,-121.71,-0.48
1560393633402660295,-121.72,-0.99
1560393633502771718,-121.73,-1.51
1560393633602886667,-121.75,-1.83
1560393633702988555,-121.77,-2.08
1560393633803087767,-121.79,-1.75
1560393633903204643,-121.8,-1.27
1560393634003310710,-121.81,-1.03
1560393634103417755,-121.82,-0.34
1560393634203538255,-121.82,0.44
1560393634303666697,-121.81,0.49
1560393634403800964,-121.81,0.9
1560393634503921437,-121.8,1.19
1560393634604048647,-121.78,1.24
1560393634704163570,-121.77,1.22
1560393634804278620,-121.76,1.25
1560393634904450493,-121.75,1.42
1560393635004577431,-121.73,1.35
1560393635104681888,-121.72,1.03
1560393635204788042,-121.71,0.68
1560393635304906604,-121.71,0.52
1560393635405065535,-121.7,0.15
1560393635505201481,-121.7,-0.24
1560393635605331813,-121.71,-0.35
1560393635705433058,-121.71,-0.53
1560393635805545589,-121.72,-0.8
1560393635905694860,-121.73,-0.9
1560393636005778314,-121.73,-0.89
1560393636105936683,-121.74,-0.83
1560393636206038663,-121.75,-0.8
1560393636306160235,-121.76,-0.89
1560393636406273112,-121.77,-0.83
1560393636506382372,-121.78,-0.71
1560393636606600149,-121.78,-0.39
1560393636706710395,-121.78,-0.15
1560393636806857470,-121.79,-0.17
1560393636906963521,-121.79,0.24
1560393637007086098,-121.78,0.31
1560393637107193220,-121.78,0.21
1560393637207309923,-121.78,0.46
1560393637307445566,-121.77,0.45
1560393637407555312,-121.77,0.51
1560393637507672850,-121.76,0.4
1560393637607789511,-121.76,0.12
1560393637707914094,-121.76,-0.13
1560393637808107598,-121.76,-0.44
1560393637908217992,-121.77,-0.42
1560393638008336963,-121.77,-0.4
1560393638108468138,-121.78,-0.45
1560393638208569876,-121.78,-0.12
1560393638308674617,-121.78,-0.07
1560393638408843267,-121.78,-0.05
1560393638508987759,-121.78,0.05
1560393638609141677,-121.78,0.12
1560393638709350036,-121.78,0.11
1560393638809534670,-121.78,0.1
1560393638909729312,-121.78,0.14
1560393639009900509,-121.78,0
1560393639110050886,-121.77,0.06
1560393639210257700,-121.77,0.24
1560393639310465448,-121.77,-0.05
1560393639410632215,-121.77,-0.13
1560393639510832247,-121.77,-0.11
1560393639611023910,-121.78,-0.2
1560393639711208816,-121.78,-0.08
1560393639811413720,-121.78,0.06
1560393639911541722,-121.78,0.05
1560393640011658229,-121.78,0.01
1560393640111803514,-121.78,-0.04
1560393640211913687,-121.78,0.09
1560393640312033871,-121.78,0.04
1560393640412167678,-121.77,0.26
1560393640512323641,-121.77,0.17
1560393640612471024,-121.77,0.08
1560393640712581060,-121.77,0.11
1560393640812694285,-121.77,0.11
1560393640912803574,-121.77,-0.07
1560393641012929340,-121.77,-0.38
1560393641113035157,-121.77,-0.25
1560393641213193387,-121.78,-0.21
1560393641313298371,-121.78,-0.07
1560393641413410125,-121.78,-0.08
1560393641513571183,-121.78,-0.05
1560393641613688886,-121.78,0.05
1560393641713817164,-121.78,0.3
1560393641813938314,-121.78,0.2
1560393641914071555,-121.77,0.25
1560393642014192094,-121.77,0.22
1560393642114316610,-121.77,0.09
1560393642214436693,-121.77,-0.17
1560393642314557121,-121.77,-0.11
1560393642414727951,-121.77,-0.31
1560393642514853286,-121.78,-0.56
1560393642615040450,-121.78,-0.97
1560393642715187618,-121.8,-1.21
1560393642815344371,-121.81,-1.39
1560393642915507590,-121.82,-1.62
1560393643015623519,-121.84,-1.71
1560393643115766977,-121.86,-1.51
1560393643215917009,-121.87,-1.25
1560393643316033267,-121.88,-0.8
1560393643416145958,-121.89,-0.27
1560393643516300439,-121.89,0.17
1560393643616427220,-121.88,0.87
1560393643716538545,-121.87,1.47
1560393643816678570,-121.85,1.97
1560393643916821910,-121.83,2.56
1560393644016935772,-121.8,2.65
1560393644117066721,-121.78,2.74
1560393644217144879,-121.75,2.96
1560393644317275387,-121.72,2.75
1560393644417406629,-121.69,2.68
1560393644517575479,-121.67,2.49
1560393644617737358,-121.64,1.94
1560393644717869563,-121.63,1.38
1560393644818029904,-121.62,0.91
1560393644918171349,-121.61,0.48
1560393645018290675,-121.61,-0.26
1560393645118405573,-121.61,-0.59
1560393645218551346,-121.62,-0.86
1560393645318667238,-121.63,-0.9
1560393645418819784,-121.64,-1.29
1560393645518964643,-121.65,-1.33
1560393645619088658,-121.67,-1.25
1560393645719198198,-121.68,-1.07
1560393645819314054,-121.69,-1.11
1560393645919425556,-121.7,-0.82
1560393646019533045,-121.7,-0.46
1560393646119650592,-121.71,0.04
1560393646219795924,-121.71,0.04
1560393646319943366,-121.7,0.24
1560393646420087938,-121.7,0.09
1560393646520235267,-121.7,0.04
1560393646620350058,-121.7,-0.1
1560393646720445691,-121.7,0.04
1560393646820558771,-121.7,-0.1
1560393646920667171,-121.7,-0.13
1560393647020773960,-121.71,-0.13
1560393647120882079,-121.71,-0.14
1560393647220990330,-121.71,-0.38
1560393647321101939,-121.71,-0.53
1560393647421247676,-121.72,-0.55
1560393647521386804,-121.72,-0.44
1560393647621548143,-121.73,-0.12
1560393647721694659,-121.73,0.04
1560393647821805395,-121.73,0.15
1560393647921917416,-121.72,0.32
1560393648022026670,-121.72,0.43
1560393648122172737,-121.72,0.52
1560393648222328143,-121.71,0.54
1560393648322436644,-121.7,0.66
1560393648422584232,-121.7,0.75
1560393648522747853,-121.69,0.48
1560393648622871314,-121.69,0.63
1560393648723009701,-121.68,0.56
1560393648823138805,-121.67,0.39
1560393648923270539,-121.67,-0.09
1560393649023457842,-121.68,-0.36
1560393649123633538,-121.68,-0.29
1560393649223808163,-121.68,-0.07
1560393649324028598,-121.68,-0.17
1560393649424193672,-121.68,-0.03
1560393649524512403,-121.68,0.01
1560393649624747973,-121.68,0.26
1560393649724985373,-121.68,-0.03
1560393649825160435,-121.68,0.2
1560393649925322304,-121.68,0.24
1560393650025468601,-121.68,0.13
1560393650125648523,-121.68,-0.07
1560393650225815952,-121.68,-0.06
1560393650325967925,-121.68,-0.26
1560393650426126104,-121.68,-0.44
1560393650526276386,-121.69,-0.65
1560393650626391789,-121.69,-0.56
1560393650726551360,-121.7,-0.69
1560393650826696215,-121.7,-0.47
1560393650926907969,-121.71,-0.69
1560393651027133629,-121.72,-0.57
1560393651127259398,-121.72,-0.45
1560393651227382071,-121.72,-0.19
1560393651327499934,-121.73,-0.02
1560393651427620506,-121.73,0.02
1560393651527745614,-121.73,-0.08
1560393651627909303,-121.73,-0.12
1560393651728034166,-121.73,-0.21
1560393651828153530,-121.73,0.05
1560393651928308375,-121.73,-0.1
1560393652028488733,-121.73,-0.02
1560393652128602404,-121.73,-0.18
1560393652228717777,-121.73,-0.4
1560393652328825020,-121.74,-0.09
1560393652428984237,-121.74,0.15
1560393652529095252,-121.74,0.01
1560393652629211686,-121.74,0.08
1560393652729369727,-121.74,-0.19
1560393652829504718,-121.74,0.09
1560393652929675830,-121.74,-0.02
1560393653029801005,-121.74,0.12
1560393653129947304,-121.73,0.17
1560393653230077188,-121.73,0.25
1560393653330248089,-121.73,0.26
1560393653430357828,-121.73,0.44
1560393653530482898,-121.72,0.1
1560393653630596384,-121.72,0.12
1560393653730732227,-121.72,-0.08
1560393653830855393,-121.72,-0.18
1560393653931025067,-121.72,-0.12
1560393654031159880,-121.73,-0.14
1560393654131271500,-121.73,-0.3
1560393654231392802,-121.73,-0.05
1560393654331503953,-121.73,-0.08
1560393654431633232,-121.73,0.1
1560393654531766181,-121.73,0.21
1560393654631903270,-121.73,0.1
1560393654732058836,-121.73,0.12
1560393654832183786,-121.73,0.14
1560393654932342001,-121.72,0.39
1560393655032453959,-121.72,0.22
1560393655132603837,-121.72,-0.04
1560393655232720457,-121.72,-0.26
1560393655332850372,-121.72,-0.32
1560393655432975428,-121.73,-0.44
1560393655533088571,-121.73,-0.17
1560393655633234755,-121.73,-0.05
1560393655733343542,-121.73,-0.09
1560393655833459160,-121.73,-0.2
1560393655933578008,-121.73,-0.1
1560393656033706733,-121.74,-0.06
1560393656133817128,-121.73,0.23
1560393656233971725,-121.73,0.13
1560393656334075857,-121.73,0.24
1560393656434223028,-121.73,0.16
1560393656534344715,-121.73,0.09
1560393656634453361,-121.73,0
1560393656734559169,-121.73,-0.23
1560393656834704769,-121.73,-0.27
1560393656934812108,-121.73,-0.16
1560393657034961542,-121.73,-0.12
1560393657135070097,-121.73,0.09
1560393657235216854,-121.73,-0.13
1560393657335327810,-121.73,0.05
1560393657435440562,-121.73,-0.02
1560393657535585585,-121.73,0.15
1560393657635702511,-121.73,0.27
1560393657735850706,-121.73,0.28
1560393657835966807,-121.73,0.09
1560393657936113828,-121.73,0.4
1560393658036223921,-121.72,0.19
1560393658136336812,-121.72,0.79
1560393658236450518,-121.71,0.64
1560393658336562004,-121.7,0.61
1560393658436669927,-121.7,0.62
1560393658536781475,-121.69,0.64
1560393658636889272,-121.68,0.74
1560393658737044515,-121.68,0.9
1560393658837152617,-121.67,0.89
1560393658937308058,-121.66,1.02
1560393659037472237,-121.65,1.03
1560393659137597503,-121.64,1.13
1560393659237716653,-121.63,1.15
1560393659337906897,-121.61,1.06
1560393659438022867,-121.6,1.14
1560393659538144675,-121.59,0.96
1560393659638266500,-121.58,0.8
1560393659738392974,-121.58,0.34
1560393659838526821,-121.58,-0.31
1560393659938642999,-121.58,-0.48
1560393660038762844,-121.59,-0.97
1560393660139022548,-121.6,-1.3
1560393660239222252,-121.62,-1.55
1560393660339424253,-121.63,-1.87
1560393660439574679,-121.65,-2.19
1560393660539743215,-121.68,-2.38
1560393660639874662,-121.7,-2.22
1560393660740036472,-121.72,-2.07
1560393660840210766,-121.74,-1.95
1560393660940453015,-121.76,-1.76
1560393661040636162,-121.78,-1.61
1560393661140778542,-121.79,-1.16
1560393661240907527,-121.8,-0.56
1560393661341033283,-121.8,-0.14
1560393661441160814,-121.8,0.37
1560393661541415702,-121.8,0.39
1560393661641594579,-121.79,0.49
1560393661741709581,-121.79,0.71
1560393661841837307,-121.78,1.02
1560393661941960414,-121.77,1.06
1560393662042087013,-121.76,1.22
1560393662142237699,-121.74,1.17
1560393662242374518,-121.73,1.14
1560393662342513960,-121.72,1.16
1560393662442643247,-121.71,1.34
1560393662542775063,-121.7,1.12
1560393662642888801,-121.69,1.02
1560393662743009185,-121.68,0.87
1560393662843121007,-121.67,0.71
1560393662943236801,-121.66,0.54
1560393663043363471,-121.66,0.09
1560393663143497527,-121.66,-0.25
1560393663243621390,-121.66,-0.23
1560393663343772692,-121.66,-0.3
1560393663443932077,-121.67,-0.23
1560393663544054348,-121.67,-0.38
1560393663644189281,-121.67,-0.19
1560393663744310638,-121.67,-0.09
1560393663844473294,-121.67,0.06
1560393663944596355,-121.67,0.13
1560393664044703205,-121.67,0.16
1560393664144852485,-121.67,0.12
1560393664245004860,-121.67,0.08
1560393664345172552,-121.67,0.02
1560393664445298730,-121.67,0.17
1560393664545432134,-121.67,0.2
1560393664645560064,-121.67,-0.01
1560393664745717835,-121.67,-0.21
1560393664845840999,-121.67,-0.23
1560393664946031970,-121.67,-0.08
1560393665046172470,-121.67,0.01
1560393665146330421,-121.67,-0.12
1560393665246448094,-121.67,0.08
1560393665346563963,-121.67,-0.11
1560393665446695211,-121.67,0.06
1560393665546780084,-121.67,-0.08
1560393665646904030,-121.67,-0.09
1560393665747005171,-121.67,0.09
1560393665847159963,-121.67,0.04
1560393665947282345,-121.67,0.1
1560393666047401569,-121.67,0.17
1560393666147508171,-121.67,0
1560393666247631026,-121.67,-0.06
1560393666347741527,-121.67,-0.23
1560393666447864202,-121.67,-0.07
1560393666547982198,-121.67,0
1560393666648104093,-121.67,-0.12
1560393666748222526,-121.67,-0.07
1560393666848345934,-121.67,0.01
1560393666948447591,-121.67,0.02
1560393667048598187,-121.67,0.18
1560393667148701048,-121.67,0.19
1560393667248811374,-121.67,0.03
1560393667348919239,-121.67,0.22
1560393667449029431,-121.67,0.14
1560393667549145350,-121.67,0.21
1560393667649251479,-121.66,0.23
1560393667749365413,-121.66,0.1
1560393667849473913,-121.66,-0.02
1560393667949617592,-121.66,-0.13
1560393668049765178,-121.66,-0.02
1560393668149870198,-121.66,0.09
1560393668250014676,-121.66,0.08
1560393668350120586,-121.66,-0.06
1560393668450244581,-121.66,-0.03
1560393668550357603,-121.66,0.02
1560393668650506280,-121.66,0.11
1560393668750655354,-121.66,0.39
1560393668850811149,-121.66,0.17
1560393668950918840,-121.65,0.15
1560393669051024169,-121.65,-0.04
1560393669151152259,-121.65,-0.03
1560393669251272471,-121.65,0
1560393669351387330,-121.65,-0.09
1560393669451544669,-121.66,-0.14
1560393669551670839,-121.66,-0.04
1560393669651789551,-121.66,-0.17
1560393669751914809,-121.66,-0.04
1560393669852110912,-121.66,-0.05
1560393669952244133,-121.66,-0.05
1560393670052364041,-121.66,-0.03
1560393670152507849,-121.66,0.11
1560393670252625421,-121.66,0.01
1560393670352767113,-121.66,0.04
1560393670452920181,-121.66,-0.03
1560393670553101266,-121.66,-0.02
1560393670653241038,-121.66,-0.03
1560393670753366656,-121.66,0.14
1560393670853512267,-121.66,0.11
1560393670953726906,-121.66,-0.03
1560393671053974604,-121.66,-0.26
1560393671154168724,-121.66,-0.13
1560393671254375390,-121.66,-0.04
1560393671354734021,-121.66,0.09
1560393671454991325,-121.66,-0.04
1560393671555236922,-121.66,0.04
1560393671655421834,-121.66,0.05
1560393671755577263,-121.66,0.2
1560393671855708337,-121.66,0.19
1560393671955839940,-121.65,0.41
1560393672055915518,-121.65,0.44
1560393672156033716,-121.65,0.48
1560393672256149168,-121.64,0.12
1560393672356270379,-121.64,0.02
1560393672456420233,-121.64,0.36
1560393672556622386,-121.64,0.03
1560393672656776362,-121.64,-0.24
1560393672756930827,-121.64,-0.09
1560393672857065867,-121.64,-0.05
1560393672957180959,-121.64,0.04
1560393673057336387,-121.64,-0.11
1560393673157491441,-121.64,-0.09
1560393673257613919,-121.64,0.18
1560393673357735746,-121.64,0.23
1560393673457859948,-121.64,0.14
1560393673558023489,-121.64,0.12
1560393673658151683,-121.64,0.02
1560393673758285346,-121.64,0.17
1560393673858407156,-121.63,0.35
1560393673958581264,-121.63,0.24
1560393674058707671,-121.63,0.37
1560393674158845428,-121.63,-0.08
1560393674258972078,-121.63,-0.15
1560393674359102517,-121.63,-0.26
1560393674459223768,-121.63,-0.28
1560393674559348656,-121.63,0
1560393674659484940,-121.63,-0.05
1560393674759652971,-121.63,-0.06
1560393674859777705,-121.63,0.06
1560393674959901861,-121.63,0.15
1560393675060039355,-121.63,0.27
1560393675160157855,-121.63,0.11
1560393675260283099,-121.63,0.18
1560393675360455256,-121.63,0.07
1560393675460585107,-121.63,0.05
1560393675560697707,-121.62,0.13
1560393675660813883,-121.62,-0.04
1560393675760965273,-121.63,-0.21
1560393675861084832,-121.63,-0.11
1560393675961244117,-121.63,-0.18
1560393676061367528,-121.63,0.01
1560393676161475764,-121.63,-0.16
1560393676261580525,-121.63,-0.05
1560393676361688656,-121.63,0.08
1560393676461812960,-121.63,0.17
1560393676561922163,-121.63,0
1560393676662030566,-121.63,0.12
1560393676762137828,-121.63,0.15
1560393676862250332,-121.63,0.1
1560393676962398931,-121.63,0.03
1560393677062492832,-121.62,0.18
1560393677162569164,-121.62,0.37
1560393677262727399,-121.62,0.16
1560393677362838275,-121.62,-0.13
1560393677462963289,-121.62,-0.14
1560393677563091065,-121.62,0.13
1560393677663220483,-121.62,0.16
1560393677763361454,-121.62,0.02
1560393677863500347,-121.62,-0.13
1560393677963596476,-121.62,0.06
1560393678063708879,-121.62,-0.13
1560393678163855609,-121.62,0.02
1560393678264017575,-121.62,0.14
1560393678364129159,-121.62,0.07
1560393678464243871,-121.62,-0.06
1560393678564380636,-121.62,-0.17
1560393678664497395,-121.62,-0.06
1560393678764625433,-121.62,-0.26
1560393678864730401,-121.62,0.05
1560393678964841896,-121.62,0.13
1560393679064989301,-121.62,0.17
1560393679165148806,-121.62,0.01
1560393679265305715,-121.62,0.04
1560393679365431033,-121.62,0.02
1560393679465552823,-121.62,-0.01
1560393679565670533,-121.62,-0.12
1560393679665782152,-121.62,-0.09
1560393679765935184,-121.62,0
1560393679866077535,-121.62,0.01
1560393679966218778,-121.62,-0.11
1560393680066378606,167.57,0.09
1560393680166530081,167.57,-0.05
1560393680266649189,167.57,0.05
1560393680366821108,167.57,0.13
1560393680466943196,167.57,0.19
1560393680567054821,167.57,-0.03
1560393680667194843,167.57,-0.18
1560393680767312136,167.57,-0.07
1560393680867425884,167.57,-0.01
1560393680967626724,167.57,-0.06
1560393681067744225,167.57,0.09
1560393681167854223,167.57,0.01
1560393681267979430,167.57,0.09
1560393681368158183,167.57,0.07
1560393681468358552,167.57,0.12
1560393681568817311,167.57,0.2
1560393681669044303,167.57,0.21
1560393681769220115,167.58,-0.02
1560393681869449390,167.58,0.07
1560393681969632472,167.57,-0.25
1560393682069806308,167.57,0.03
1560393682169998656,167.57,-0.2
1560393682270236239,167.57,-0.12
1560393682370381196,167.57,0.01
1560393682470535375,167.57,-0.09
1560393682570665102,167.57,-0.14
1560393682670775904,167.57,0
1560393682770896287,167.57,0.01
1560393682871018588,167.57,0.13
1560393682971147813,167.57,0.03
1560393683071277244,167.57,0.06
1560393683171439801,167.57,-0.03
1560393683271550348,167.57,-0.15
1560393683371676123,167.57,0.03
1560393683471792157,167.57,0.07
1560393683571956255,167.57,0.21
1560393683672075845,167.57,0.01
1560393683772218265,167.57,-0.07
1560393683872434868,167.57,-0.08
1560393683972550467,167.57,0.01
1560393684072706363,167.57,0.25
1560393684172817272,167.57,0.16
1560393684272933957,167.58,0.05
1560393684373085905,167.58,0.09
1560393684473207381,167.57,-0.32
1560393684573362184,167.57,-0.22
1560393684673497644,167.57,-0.06
1560393684773637795,167.57,-0.07
1560393684873770777,167.57,0.12
1560393684973927250,167.57,-0.17
1560393685074073646,167.57,-0.06
1560393685174222813,167.57,0.03
1560393685274344005,167.57,-0.17
1560393685374467915,167.57,0.12
1560393685474582613,167.57,0.19
1560393685574743591,167.57,0.34
1560393685674912108,167.57,0.17
1560393685775036644,167.58,-0.05
1560393685875184609,167.57,-0.07
1560393685975307593,167.57,0.05
1560393686075440717,167.57,-0.24
1560393686175609239,167.57,-0.21
1560393686275733550,167.57,-0.25
1560393686375843574,167.57,-0.08
1560393686475960862,167.57,-0.19
1560393686576072183,167.56,-0.11
1560393686676180840,167.56,0.13
1560393686776290747,167.57,0.34
1560393686876412727,167.57,-0.03
1560393686976530144,167.57,0.08
1560393687076659605,167.57,-0.06
1560393687176781135,167.57,0.06
1560393687276893615,167.57,0
1560393687376995313,167.57,-0.07
1560393687477119835,167.57,-0.05
1560393687577228123,167.57,-0.02
1560393687677348668,167.57,-0.15
1560393687777459880,167.57,-0.1
1560393687877580796,167.57,0.1
1560393687977725832,167.57,0.14
1560393688077831953,167.57,0.19
1560393688177938799,167.57,0.17
1560393688278050214,167.57,-0.04
1560393688378173487,167.57,0.08
1560393688478287252,167.57,-0.09
1560393688578402255,167.57,0.01
1560393688678551789,167.57,0.03
1560393688778702281,167.57,0
1560393688878856947,167.57,-0.12
1560393688979005372,167.57,0.16
1560393689079156545,167.57,-0.01
1560393689179308256,167.57,0.04
1560393689279417967,167.57,0.08
1560393689379525719,167.57,0.15
1560393689479719973,167.57,-0.12
1560393689579831584,167.57,0.04
1560393689679944032,167.57,-0.06
1560393689780060063,167.57,-0.04
1560393689880173207,167.57,0.05
1560393689980280592,167.57,0.11
1560393690080385080,167.57,-0.17
1560393690180528226,167.57,-0.15
1560393690280625324,167.57,0.14
1560393690380737775,167.57,0.13
1560393690480864237,167.57,0.12
1560393690580979640,167.58,0.21
1560393690681133975,167.58,0
1560393690781256127,167.58,-0.19
1560393690881364656,167.57,-0.09
1560393690981532867,167.57,-0.13
1560393691081655985,167.57,-0.06
1560393691181765685,167.57,0.03
1560393691281913240,167.57,-0.17
1560393691382023428,167.57,-0.1
1560393691482134837,167.57,0.02
1560393691582239882,167.57,0
1560393691682374290,167.57,-0.11
1560393691782528963,167.57,-0.04
1560393691882664737,167.57,0.26
1560393691982837088,167.57,-0.09
1560393692082949994,167.57,-0.09
1560393692183082645,167.57,0.05
1560393692283259177,167.57,0.08
1560393692383386583,167.57,0.01
1560393692483519371,167.57,0.09
1560393692583761157,167.57,-0.11
1560393692683944977,167.57,0.06
1560393692784112584,167.57,0.06
1560393692884365773,167.57,0.1
1560393692984603148,167.57,0.12
1560393693084744072,167.57,0.25
1560393693184976461,167.58,-0.12
1560393693285111403,167.57,-0.18
1560393693385223221,167.57,-0.25
1560393693485419056,167.57,0.05
1560393693585611087,167.57,-0.06
1560393693685726606,167.57,0.01
1560393693785881603,167.57,0.03
1560393693885997677,167.57,0.01
1560393693986147778,167.57,0.03
1560393694086266389,167.57,0.2
1560393694186372789,167.57,0.13
1560393694286541316,167.58,0.54
1560393694386691146,167.58,0.11
1560393694486790186,167.58,-0.04
1560393694586956020,167.58,-0.11
1560393694687063655,167.58,-0.05
1560393694787183730,167.58,-0.24
1560393694887305867,167.58,-0.24
1560393694987443302,167.57,-0.18
1560393695087581699,167.57,-0.03
1560393695187672971,167.57,-0.15
1560393695287810373,167.57,0.15
1560393695387906326,167.57,0.2
1560393695488038006,167.57,0.12
1560393695588180721,167.57,0
1560393695688327317,167.58,0.11
1560393695788459909,167.58,-0.07
1560393695888564794,167.58,0.14
1560393695988713362,167.58,0.01
1560393696088852874,167.58,0.07
1560393696188959376,167.58,0.05
1560393696289068706,167.58,0
1560393696389173222,167.58,-0.29
1560393696489270614,167.57,-0.18
1560393696589398857,167.57,-0.03
1560393696689540248,167.57,0.07
1560393696789635891,167.57,-0.11
1560393696889779931,167.57,0.08
1560393696989892300,167.57,0
1560393697090039326,167.57,-0.14
1560393697190157149,167.57,-0.06
1560393697290254076,167.57,0
1560393697390415810,167.57,0.08
1560393697490532168,167.57,0.06
1560393697590646160,167.57,-0.05
1560393697690757196,167.57,0.03
1560393697790863467,167.57,-0.04
1560393697891020352,167.57,0.01
1560393697991167999,167.57,-0.08
1560393698091277338,167.57,0.01
1560393698191390207,167.57,0.25
1560393698291497982,167.57,-0.1
1560393698391654881,167.57,-0.19
1560393698491784756,167.57,-0.02
1560393698591946044,167.57,-0.04
1560393698692068367,167.57,-0.03
1560393698792198023,167.57,-0.14
1560393698892312467,167.57,-0.09
1560393698992414163,167.57,0.13
1560393699092530525,167.57,0.08
1560393699192648141,167.57,0.21
1560393699292784610,167.57,0.23
1560393699392931237,167.58,0.26
1560393699493078718,167.58,-0.05
1560393699593186639,167.58,-0.01
1560393699693276412,167.58,0.01
1560393699793427529,167.58,0.24
1560393699893566386,167.58,0.03
1560393699993713051,167.58,-0.07
1560393700093873523,167.58,-0.11
1560393700193981454,167.58,-0.1
1560393700294089851,167.57,-0.37
1560393700394209985,167.57,-0.11
1560393700494333278,167.57,-0.11
1560393700594463791,167.57,0.16
1560393700694620147,167.57,0.01
1560393700794743902,167.57,-0.15
1560393700894837374,167.57,-0.12
1560393700995017818,167.57,0.19
1560393701095126697,167.57,0
1560393701195247701,167.57,0.16
1560393701295369717,167.57,0.1
1560393701395504897,167.57,0.12
1560393701495631093,167.58,0.05
1560393701595758105,167.58,0
1560393701695865707,167.58,0.09
1560393701795990949,167.58,0.36
1560393701896095065,167.58,0.03
1560393701996255937,167.58,0.02
1560393702096386479,167.58,-0.22
1560393702196565190,167.58,0.03
1560393702296704485,167.58,-0.1
1560393702396820312,167.58,-0.1
1560393702496973542,167.58,-0.03
1560393702597098524,167.58,-0.03
1560393702697221263,167.57,-0.44
1560393702797354548,167.57,-0.05
1560393702897533648,167.57,-0.03
1560393702997676166,167.57,0.03
1560393703097850972,167.57,0.1
1560393703198027143,167.57,0.08
1560393703298341861,167.57,0
1560393703398531885,167.57,0.11
1560393703498764574,167.57,-0.02
1560393703599034739,167.57,0.1
1560393703699246284,167.58,0.21
1560393703799496985,167.58,0.09
1560393703899638432,167.58,-0.05
1560393703999801847,167.58,-0.05
1560393704099994443,167.58,0.05
1560393704200137300,167.58,0.07
1560393704300285617,167.58,-0.07
1560393704400452589,167.58,0.03
1560393704500575248,167.58,-0.13
1560393704600733526,167.58,-0.26
1560393704700903540,167.57,-0.24
1560393704801076362,167.57,-0.14
1560393704901244838,167.57,-0.03
1560393705001383982,167.57,-0.12
1560393705101518225,167.57,-0.28
1560393705201639647,167.56,-0.39
1560393705301748944,167.56,-0.09
1560393705401869140,167.56,0.18
1560393705502018324,167.56,0.18
1560393705602139366,167.57,0.31
1560393705702295880,167.57,0.26
1560393705802415121,167.57,0
1560393705902542798,167.57,0.09
1560393706002721496,167.57,-0.1
1560393706102888571,167.57,0.12
1560393706203038887,167.57,0.11
1560393706303188756,167.57,-0.09
1560393706403314126,167.57,-0.2
1560393706503479006,167.57,-0.21
1560393706603643155,167.57,-0.39
1560393706703800171,167.56,-0.13
1560393706803962332,167.56,-0.18
1560393706904121438,167.56,0.24
1560393707004235909,167.56,-0.02
1560393707104355187,167.56,-0.08
1560393707204464634,167.56,0.12
1560393707304577132,167.56,0.25
1560393707404694775,167.57,-0.08
1560393707504801607,167.57,0.15
1560393707604912084,167.57,-0.04
1560393707705019306,167.57,0.08
1560393707805131986,167.57,-0.15
1560393707905267273,167.57,-0.1
1560393708005418343,167.56,-0.09
1560393708105564762,167.56,-0.11
1560393708205714618,167.56,-0.17
1560393708305867576,167.56,-0.44
1560393708405980996,167.55,-0.58
1560393708506089053,167.55,-0.09
1560393708606196172,167.55,-0.09
1560393708706317494,167.55,-0.06
1560393708806440644,167.55,-0.05
1560393708906585359,167.55,-0.14
1560393709006695625,167.54,-0.42
1560393709106866824,167.54,-0.16
1560393709206987367,167.54,-0.06
1560393709307139372,167.54,0.14
1560393709407290067,167.54,0.05
1560393709507448369,167.54,0.08
1560393709607606594,167.54,-0.19
1560393709707760656,167.54,0.04
1560393709807869838,167.54,0.03
1560393709907956671,167.54,0.05
1560393710008083569,167.54,0.11
1560393710108234939,167.54,0.15
1560393710208340406,167.54,-0.19
1560393710308449022,167.54,-0.11
1560393710408556007,167.54,0.02
1560393710508685970,167.54,0.13
1560393710608872585,167.54,-0.07
1560393710709026060,167.54,0.14
1560393710809151059,167.54,0.12
1560393710909265663,167.54,-0.1
1560393711009425521,167.54,0.05
1560393711109568083,167.55,0.16
1560393711209724870,167.55,0.04
1560393711309838260,167.55,0.01
1560393711409956438,167.55,-0.08
1560393711510128095,167.54,-0.22
1560393711610297281,167.54,-0.07
1560393711710408540,167.54,0.2
1560393711810518204,167.54,-0.03
1560393711910634733,167.54,0.08
1560393712010758331,167.55,0.22
1560393712110864850,167.55,-0.08
1560393712210992666,167.55,-0.02
1560393712311111223,167.55,-0.02
1560393712411226962,167.55,0.23
1560393712511333278,167.55,0.14
1560393712611441506,167.55,0.15
1560393712711549046,167.55,0.19
1560393712811753549,167.55,0
1560393712911874851,167.55,-0.04
1560393713011991361,167.55,0.36
1560393713112123193,167.56,0.09
1560393713212307413,167.56,0.17
1560393713312499435,167.56,0.02
1560393713412700796,167.56,-0.17
1560393713512922907,167.56,-0.21
1560393713613248234,167.56,0.04
1560393713713660053,167.55,-0.26
1560393713813891925,167.55,-0.14
1560393713914136397,167.55,-0.2
1560393714014346916,167.55,-0.02
1560393714114774355,167.55,-0.17
1560393714214934759,167.55,-0.18
1560393714315099099,167.55,0.1
1560393714415318541,167.55,0.2
1560393714515458436,167.55,-0.1
1560393714615584250,167.55,0.09
1560393714715748531,167.55,-0.12
1560393714815911580,167.55,-0.05
1560393714916083013,167.55,0.01
1560393715016208768,167.55,0.02
1560393715116368872,167.55,0.06
1560393715216497143,167.55,0.18
1560393715316635602,167.55,-0.18
1560393715416792159,167.55,0
1560393715516927939,167.55,-0.05
1560393715617093269,167.55,0.24
1560393715717204330,167.55,0.19
1560393715817351839,167.55,0.33
1560393715917459403,167.56,0.18
1560393716017574426,167.56,0.05
1560393716117718504,167.56,-0.13
1560393716217888505,167.56,0.03
1560393716318036489,167.56,-0.11
1560393716418163663,167.55,-0.09
1560393716518297835,167.55,-0.22
1560393716618429053,167.55,-0.13
1560393716718559532,167.55,-0.2
1560393716818658692,167.55,0.02
1560393716918783535,167.55,-0.06
1560393717018901013,167.55,0.15
1560393717119037284,167.55,0.22
1560393717219158082,167.55,0.25
1560393717319279078,167.56,0.07
1560393717419424895,167.56,0.22
1560393717519534892,167.56,0.15
1560393717619684728,167.56,0.03
1560393717719787644,167.56,-0.09
1560393717819894134,167.56,-0.21
1560393717920040330,167.56,-0.21
1560393718020166773,167.55,-0.2
1560393718120288412,167.55,-0.25
1560393718220446347,167.55,-0.17
1560393718320553271,167.55,-0.03
1560393718420658464,167.55,-0.38
1560393718520810949,167.54,-0.56
1560393718620928003,167.54,-0.6
1560393718721079664,167.53,-0.42
1560393718821229951,167.53,-0.39
1560393718921340202,167.52,-0.44
1560393719021499816,167.52,-0.37
1560393719121658970,167.51,-0.4
1560393719221767324,167.51,-0.5
1560393719321874059,167.51,-0.08
1560393719421978332,167.51,0.09
1560393719522084442,167.51,0.28
1560393719622179550,167.51,0.4
1560393719722282921,167.52,0.2
1560393719822428351,167.52,0.14
1560393719922543544,167.52,0.38
1560393720022688848,167.52,0.13
1560393720122837598,167.52,0.39
1560393720222964174,167.53,0.43
1560393720323080759,167.53,0.44
1560393720423229000,167.54,0.08
1560393720523333685,167.54,-0.03
1560393720623481817,167.54,-0.11
1560393720723601728,167.53,-0.07
1560393720823759045,167.53,-0.13
1560393720923875418,167.53,0.14
1560393721024011619,167.53,0.01
1560393721124127094,167.53,0.08
1560393721224288561,167.54,0.03
1560393721324420945,167.54,0.04
1560393721424552138,167.54,-0.01
1560393721524667170,167.54,0.18
1560393721624789336,167.54,-0.11
1560393721724900099,167.54,-0.19
1560393721825097499,167.53,-0.22
1560393721925212881,167.53,-0.13
1560393722025326616,167.53,-0.18
1560393722125435748,167.53,-0.15
1560393722225551014,167.53,-0.14
1560393722325658516,167.53,0
1560393722425828030,167.52,-0.46
1560393722525946690,167.52,-0.4
1560393722626057263,167.52,-0.13
1560393722726239571,167.52,0.08
1560393722826365877,167.52,0.05
1560393722926489260,167.52,0.18
1560393723026613518,167.52,0.23
1560393723126735524,167.52,0.2
1560393723226850182,167.52,0.05
1560393723327057156,167.53,0.22
1560393723427251554,167.53,0.13
1560393723527450069,167.53,0.07
1560393723627739193,167.53,-0.32
1560393723727963366,167.52,-0.09
1560393723828167365,167.52,-0.14
1560393723928374258,167.52,-0.21
1560393724028809007,167.52,-0.21
1560393724129153764,167.52,-0.21
1560393724229394645,167.52,-0.13
1560393724329548569,167.52,0.05
1560393724429666745,167.52,0.02
1560393724529817793,167.52,0.25
1560393724629977056,167.52,0.28
1560393724730103188,167.52,0.12
1560393724830253260,167.52,0.02
1560393724930386231,167.52,-0.12
1560393725030514448,167.52,0.11
1560393725130696488,167.52,0.02
1560393725230844936,167.52,-0.01
1560393725331004187,167.52,-0.05
1560393725431165763,167.52,-0.13
1560393725531323833,167.52,-0.21
1560393725631455906,167.52,-0.11
1560393725731611459,167.52,-0.11
1560393725831774183,167.52,0.12
1560393725931904130,167.52,0.07
1560393726032031052,167.52,0.05
1560393726132151554,167.52,-0.11
1560393726232292605,167.52,-0.08
1560393726332430726,167.52,-0.16
1560393726432541711,167.51,-0.4
1560393726532661986,167.51,-0.13
1560393726632819269,167.51,0.11
1560393726732942313,167.51,-0.07
1560393726833074709,167.51,0.02
1560393726933225131,167.51,0.11
1560393727033343879,167.51,0.19
1560393727133467484,167.51,0.14
1560393727233683687,167.52,0.23
1560393727333900039,167.52,0.38
1560393727434060073,167.52,0.48
1560393727534170424,167.53,0.48
1560393727634277230,167.53,0.52
1560393727734404358,167.54,0.42
1560393727834517731,167.54,0.44
1560393727934648080,167.54,0.06
1560393728034765089,167.54,-0.14
1560393728134877909,167.54,-0.12
1560393728235038259,167.54,0.02
1560393728335203216,167.54,-0.17
1560393728435315797,167.54,0.08
1560393728535428630,167.54,0.04
1560393728635580596,167.54,0.21
1560393728735687384,167.55,0.18
1560393728835803181,167.55,0.12
1560393728935917189,167.55,0.3
1560393729036075683,167.55,0.46
1560393729136233182,167.56,0.36
1560393729236345014,167.56,0.4
1560393729336455897,167.56,0.08
1560393729436569432,167.56,0.12
1560393729536677353,167.56,-0.15
1560393729636785096,167.56,-0.09
1560393729736951854,167.56,-0.13
1560393729837082248,167.56,0.08
1560393729937237495,167.56,-0.14
1560393730037344250,167.56,-0.06
1560393730137471032,167.56,0.07
1560393730237581020,167.56,0.04
1560393730337696798,167.56,-0.04
1560393730437844569,167.56,-0.06
1560393730537958456,167.56,-0.04
1560393730638070606,167.56,-0.03
1560393730738170969,167.56,-0.36
1560393730838277069,167.56,-0.06
1560393730938382613,167.55,0
1560393731038532619,167.56,0.01
1560393731138744484,167.56,0.05
1560393731238991684,167.56,-0.03
1560393731339105446,167.56,0.15
1560393731439212607,167.56,-0.06
1560393731539325235,167.56,0.03
1560393731639434507,167.56,0.02
1560393731739550183,167.56,-0.08
1560393731839664646,167.55,-0.38
1560393731939825729,167.55,-0.17
1560393732039978798,167.55,-0.12
1560393732140140370,167.55,0.08
1560393732240298558,167.55,0.04
1560393732340427131,167.55,0.05
1560393732440621480,167.55,0.12
1560393732540744320,167.55,0.15
1560393732641082180,167.55,0.17
1560393732741269755,167.55,0.02
1560393732841382086,167.55,0.01
1560393732941498881,167.55,-0.12
1560393733041610155,167.55,0.09
1560393733141721764,167.55,-0.03
1560393733241964608,167.55,-0.03
1560393733342085399,167.55,-0.06
1560393733442291392,64.75,-6.88
1560393733542536162,64.68,-6.92
1560393733642723230,64.61,-7.04
1560393733742872769,64.54,-6.84
1560393733843233886,64.48,-6.74
1560393733943555371,64.41,-6.65
1560393734043766863,64.34,-6.45
1560393734143934288,64.28,-6.27
1560393734244112911,64.22,-6.14
1560393734344267314,64.16,-6.34
1560393734444497114,64.09,-6.41
1560393734544683346,64.03,-6.38
1560393734644803217,63.96,-6.66
1560393734744929227,63.9,-6.93
1560393734845052629,63.83,-6.95
1560393734945217867,63.76,-6.73
1560393735045385467,63.69,-6.66
1560393735145509506,63.62,-6.81
1560393735245671549,63.56,-6.77
1560393735345777086,63.49,-6.51
1560393735445940310,63.42,-6.57
1560393735546053498,63.36,-6.78
1560393735646218511,63.29,-6.66
1560393735746371519,63.22,-6.45
1560393735846496130,63.16,-6.58
1560393735946612452,63.09,-6.75
1560393736046734612,63.03,-6.63
1560393736146853638,62.96,-6.34
1560393736246979213,62.9,-6.39
1560393736347099283,62.83,-6.56
1560393736447210401,62.77,-6.63
1560393736547378605,62.7,-6.41
1560393736647498038,62.64,-6.56
1560393736747662604,62.57,-6.57
1560393736847781619,62.51,-6.65
1560393736947943388,62.44,-6.62
1560393737048055584,62.37,-6.69
1560393737148169435,62.3,-6.9
1560393737248322229,62.23,-6.98
1560393737348461698,62.17,-6.83
1560393737448586758,62.1,-6.87
1560393737548714835,62.03,-6.79
1560393737648878096,61.96,-6.81
1560393737748991865,61.89,-6.51
1560393737849143132,61.83,-6.57
1560393737949296241,61.76,-6.81
1560393738049408673,61.69,-6.78
1560393738149520151,61.63,-6.65
1560393738249670939,61.56,-6.97
1560393738349815729,61.49,-7.05
1560393738449936778,61.42,-7.21
1560393738550087351,61.35,-7.16
1560393738650234517,61.27,-7.29
1560393738750348299,61.2,-7.24
1560393738850458522,61.13,-7.04
1560393738950625957,61.06,-6.78
1560393739050780553,60.99,-6.58
1560393739150896091,60.93,-6.44
1560393739251042959,60.87,-6.23
1560393739351160519,60.8,-5.99
1560393739451310578,60.74,-6.34
1560393739551450152,60.68,-6.34
1560393739651559060,60.61,-6.52
1560393739751666392,60.55,-6.7
1560393739851816155,60.48,-6.86
1560393739951964880,60.41,-7.07
1560393740052071482,60.34,-6.95
1560393740152178899,60.27,-6.75
1560393740252290252,60.2,-6.93
1560393740352396382,60.14,-6.78
1560393740452483242,60.07,-6.47
1560393740552604790,60.01,-6.36
1560393740652751623,59.94,-6.55
1560393740752856797,59.87,-6.6
1560393740852961348,59.81,-6.6
1560393740953067222,59.74,-6.72
1560393741053178260,59.67,-6.98
1560393741153302748,59.6,-7.11
1560393741253439588,59.53,-6.81
1560393741353558612,59.47,-6.66
1560393741453687188,59.4,-6.77
1560393741553810973,59.33,-6.64
1560393741653958553,59.27,-6.48
1560393741754066866,59.2,-6.42
1560393741854180311,59.14,-6.56
1560393741954337738,59.07,-6.67
1560393742054458692,59,-6.52
1560393742154572242,58.94,-6.62
1560393742254695804,58.87,-6.78
1560393742354814252,58.8,-6.81
1560393742454988133,58.74,-6.55
1560393742555112719,58.67,-6.3
1560393742655244237,58.61,-6.49
1560393742755403779,58.54,-6.57
1560393742855551320,58.48,-6.37
1560393742955685632,58.42,-6.4
1560393743055876701,58.35,-6.55
1560393743155998842,58.29,-6.57
1560393743256128183,58.22,-6.6
1560393743356244187,58.15,-6.66
1560393743456379019,58.08,-6.92
1560393743556442201,58.01,-7.09
1560393743656609537,57.94,-6.98
1560393743756806110,57.87,-7.01
1560393743856972387,57.81,-6.85
1560393743957136228,57.74,-6.78
1560393744057351515,57.67,-6.43
1560393744157677798,57.61,-6.36
1560393744258001645,57.54,-6.44
1560393744358394075,57.48,-6.37
1560393744458619932,57.42,-6.17
1560393744558789142,57.35,-6.31
1560393744658992587,57.29,-6.46
1560393744759110781,57.22,-6.7
1560393744859467808,57.16,-6.74
1560393744959729659,57.09,-6.98
1560393745059868724,57.02,-7.14
1560393745160013991,56.95,-7.03
1560393745260160190,56.88,-6.87
1560393745360301194,56.81,-6.81
1560393745460433580,56.74,-6.69
1560393745560561431,56.68,-6.62
1560393745660670171,56.61,-6.4
1560393745760755139,56.55,-6.5
1560393745860893813,56.48,-6.72
1560393745961046934,56.41,-6.8
1560393746061193263,56.34,-6.9
1560393746161341868,56.27,-6.99
1560393746261467250,56.2,-7.16
1560393746361593107,56.13,-7.07
1560393746461708064,56.06,-6.93
1560393746561815984,55.99,-6.93
1560393746661932313,55.92,-6.77
1560393746762043049,55.86,-6.58
1560393746862172710,55.79,-6.4
1560393746962293737,55.73,-6.54
1560393747062463632,55.66,-6.75
1560393747162590784,55.59,-6.61
1560393747262701410,55.53,-6.6
1560393747362861856,55.46,-6.9
1560393747463017917,55.39,-6.94
1560393747563194139,55.32,-6.86
1560393747663316451,55.26,-6.6
1560393747763437230,55.19,-6.73
1560393747863598431,55.12,-6.75
1560393747963714033,55.05,-6.55
1560393748063820418,54.99,-6.54
1560393748163973568,54.92,-6.73
1560393748264075168,54.86,-6.8
1560393748364197165,54.79,-6.82
1560393748464302185,54.72,-6.9
1560393748564420965,54.65,-7.18
1560393748664603145,54.58,-7.13
1560393748764733526,54.51,-6.8
1560393748864863084,54.44,-6.69
1560393748964970213,54.37,-6.75
1560393749065079732,54.31,-6.61
1560393749165180413,54.24,-6.3
1560393749265283416,54.18,-6.28
1560393749365421664,54.11,-6.5
1560393749465540498,54.05,-6.67
1560393749565640407,53.98,-6.66
1560393749665791129,53.92,-6.71
1560393749765928949,53.85,-6.93
1560393749866048438,53.78,-7.14
1560393749966198967,53.71,-6.89
1560393750066339027,53.64,-6.77
1560393750166488042,53.57,-6.87
1560393750266588753,53.5,-6.76
1560393750366695315,53.44,-6.37
1560393750466840567,53.37,-6.39
1560393750566996400,53.31,-6.49
1560393750667140752,53.24,-6.49
1560393750767269359,53.18,-6.25
1560393750867417626,53.12,-6.37
1560393750967525783,53.05,-6.74
1560393751067680551,52.98,-6.8
1560393751167823878,52.92,-6.74
1560393751267935600,52.85,-6.59
1560393751368079976,52.78,-6.6
1560393751468222318,52.72,-6.52
1560393751568335813,52.65,-6.22
1560393751668451013,52.59,-6.09
1560393751768596887,52.53,-6.13
1560393751868702633,52.47,-6.07
1560393751968810878,52.41,-5.87
1560393752068923699,52.35,-6.03
1560393752169074644,52.29,-6.1
1560393752269198880,52.23,-6.31
1560393752369412385,52.16,-6.33
1560393752469623484,52.1,-6.48
1560393752569777374,52.03,-6.68
1560393752669891107,51.97,-6.72
1560393752770039780,51.9,-6.74
1560393752870199180,51.83,-6.78
1560393752970414496,51.77,-6.79
1560393753070608865,51.7,-7.03
1560393753170749415,51.63,-6.97
1560393753270873159,51.56,-7.01
1560393753371014986,51.49,-7.13
1560393753471211011,51.41,-7.24
1560393753571321548,51.34,-7.25
1560393753671442129,51.27,-7.23
1560393753771656832,51.2,-7.32
1560393753871922616,51.12,-7.43
1560393753972052218,51.05,-6.9
1560393754072221493,50.98,-6.76
1560393754172553930,50.92,-6.63
1560393754272760571,50.85,-6.29
1560393754372885816,50.79,-6.22
1560393754473158682,50.73,-6.33
1560393754573453640,50.66,-6.35
1560393754673896446,50.6,-6.43
1560393754774183685,50.53,-6.42
1560393754874344044,50.47,-6.53
1560393754974493249,50.4,-6.81
1560393755074627546,50.33,-6.75
1560393755174798183,50.27,-6.58
1560393755274928637,50.2,-7.03
1560393755375046948,50.13,-7.03
1560393755475175207,50.06,-6.77
1560393755575331330,49.99,-6.77
1560393755675453434,49.93,-6.74
1560393755775607211,49.86,-6.81
1560393755875727155,49.79,-6.75
1560393755975884937,49.72,-6.69
1560393756076046545,49.65,-7.05
1560393756176172222,49.58,-7.15
1560393756276331566,49.51,-6.98
1560393756376488681,49.44,-6.9
1560393756476612200,49.37,-6.81
1560393756576728391,49.31,-6.81
1560393756676882134,49.24,-6.28
1560393756777015438,49.18,-6.13
1560393756877138645,49.12,-6.38
1560393756977273755,49.05,-6.25
1560393757077398988,48.99,-5.89
1560393757177521468,48.93,-5.91
1560393757277675317,48.87,-6.07
1560393757377783421,48.81,-6.52
1560393757477898456,48.75,-6.5
1560393757578019299,48.68,-6.59
1560393757678180370,48.61,-6.92
1560393757778336368,48.54,-7
1560393757878474788,48.47,-6.81
1560393757978612009,48.41,-6.81
1560393758078760002,48.34,-6.87
1560393758178868894,48.27,-6.92
1560393758279036968,48.2,-6.61
1560393758379141096,48.14,-6.43
1560393758479252403,48.07,-6.62
1560393758579403065,48,-6.78
1560393758679584991,47.94,-6.66
1560393758779732223,47.87,-6.69
1560393758879898894,47.8,-6.98
1560393758980018810,47.73,-7.07
1560393759080192263,47.66,-6.77
1560393759180439815,47.59,-6.72
1560393759280592959,47.53,-6.68
1560393759380722040,47.46,-6.79
1560393759480841294,47.39,-6.63
1560393759580959165,47.33,-6.65
1560393759681086601,47.26,-6.78
1560393759781220277,47.19,-6.78
1560393759881372521,47.12,-6.7
1560393759981524720,47.06,-6.75
1560393760081669736,46.99,-6.98
1560393760181820262,46.92,-6.98
1560393760281922003,46.85,-6.67
1560393760382027426,46.78,-6.57
1560393760482130895,46.72,-6.6
1560393760582280140,46.65,-6.54
1560393760682386803,46.59,-6.5
1560393760782536535,46.52,-6.63
1560393760882681835,46.45,-6.83
1560393760982840782,46.39,-6.9
1560393761082983549,46.32,-6.82
1560393761183134421,46.25,-6.96
1560393761283280772,46.18,-6.93
1560393761383441094,46.11,-6.77
1560393761483570337,46.04,-6.57
1560393761583681752,45.98,-6.5
1560393761683800977,45.91,-6.51
1560393761783961881,45.85,-6.18
1560393761884108460,45.79,-5.99
1560393761984214487,45.73,-6.19
1560393762084363710,45.67,-6.19
1560393762184506895,45.6,-6.22
1560393762284632265,45.54,-6.32
1560393762384779178,45.48,-6.69
1560393762484883285,45.41,-6.9
1560393762585051942,45.34,-6.91
1560393762685219958,45.27,-6.96
1560393762785340215,45.2,-7.11
1560393762885499781,45.13,-7.01
1560393762985613796,45.06,-6.71
1560393763085723584,44.99,-6.56
1560393763185889180,44.93,-6.78
1560393763286231625,44.86,-6.7
1560393763386344382,44.79,-6.39
1560393763486536648,44.73,-6.31
1560393763586754263,44.67,-6.64
1560393763687134319,44.6,-6.86
1560393763787483628,44.53,-6.67
1560393763887739147,44.46,-6.88
1560393763987932530,44.39,-7.08
1560393764088121586,44.32,-6.95
1560393764188261956,44.26,-6.62
1560393764288461526,44.19,-6.51
1560393764388580765,44.13,-6.38
1560393764488792679,44.06,-6.38
1560393764588933451,44,-5.98
1560393764689081872,43.94,-6.06
1560393764789188888,43.88,-6.3
1560393764889368208,43.81,-6.45
1560393764989521302,43.75,-6.29
1560393765089672994,43.69,-6.45
1560393765189805799,43.62,-6.75
1560393765289932708,43.55,-6.98
1560393765390051384,43.48,-6.83
1560393765490177248,43.41,-6.81
1560393765590334631,43.35,-6.89
1560393765690434322,43.28,-6.94
1560393765790556908,43.21,-6.73
1560393765890720727,43.14,-6.71
1560393765990875079,43.07,-6.85
1560393766091036449,43.01,-6.92
1560393766191191366,42.94,-6.71
1560393766291340184,42.87,-6.86
1560393766391447962,42.8,-6.98
1560393766491600835,42.73,-6.96
1560393766591754032,42.66,-6.63
1560393766691914167,42.6,-6.58
1560393766792079442,42.53,-6.54
1560393766892298376,42.47,-6.42
1560393766992466162,42.4,-6.37
1560393767092583283,42.34,-6.55
1560393767192696593,42.27,-6.57
1560393767292808722,42.21,-6.64
1560393767392935059,42.14,-6.59
1560393767493084640,42.07,-6.73
1560393767593236891,42.01,-6.73
1560393767693350207,41.94,-6.63
1560393767793457455,41.87,-6.53
1560393767893562063,41.81,-6.73
1560393767993668669,41.74,-6.65
1560393768093787116,41.67,-6.61
1560393768193913613,41.61,-6.49
1560393768294032184,41.54,-6.63
1560393768394195080,41.48,-6.6
1560393768494351526,41.41,-6.67
1560393768594474782,41.34,-6.7
1560393768694589459,41.27,-6.99
1560393768794708975,41.2,-7.16
1560393768894861514,41.13,-6.86
1560393768995018691,41.06,-6.96
1560393769095158366,40.99,-7.01
1560393769195267677,40.93,-6.78
1560393769295418963,40.86,-6.59
1560393769395538337,40.79,-6.4
1560393769495653836,40.73,-6.65
1560393769595759394,40.66,-6.69
1560393769695908630,40.6,-6.28
1560393769796022039,40.53,-6.38
1560393769896146855,40.47,-6.63
1560393769996269896,40.4,-6.71
1560393770096394729,40.34,-6.73
1560393770196515196,40.27,-6.83
1560393770296583344,40.2,-7.22
1560393770396685622,40.13,-7.02
1560393770496794635,40.06,-6.72
1560393770596941321,39.99,-6.7
1560393770697087735,39.92,-6.69
1560393770797201848,39.86,-6.66
1560393770897348961,39.79,-6.35
1560393770997503688,39.73,-6.22
1560393771097653029,39.66,-6.59
1560393771197775147,39.6,-6.76
1560393771297880813,39.53,-6.65
1560393771397988631,39.46,-6.71
1560393771498103703,39.4,-6.89
1560393771598220700,39.33,-6.85
1560393771698380247,39.26,-6.45
1560393771798522331,39.2,-6.57
1560393771898670125,39.13,-6.54
1560393771998830032,39.06,-6.57
1560393772098933028,39,-6.47
1560393772199038859,38.93,-6.39
1560393772299141157,38.87,-6.57
1560393772399340618,38.8,-6.75
1560393772499449660,38.74,-6.46
1560393772599568352,38.67,-6.45
1560393772699746717,38.61,-6.32
1560393772799869028,38.55,-5.7
1560393772899977052,38.5,-4.94
1560393773000125459,38.45,-4.31
1560393773100296189,38.41,-3.18
1560393773200428560,38.38,-2.6
1560393773300540836,38.36,-1.88
1560393773400688859,38.35,-0.77
1560393773500853867,38.34,-0.01
1560393773601024493,38.35,0.53
1560393773701190639,38.36,1.32
1560393773801393703,38.37,1.93
1560393773901809600,38.39,2.24
1560393774001972718,38.41,2.28
1560393774102137725,38.44,2.2
1560393774202269340,38.46,2.01
1560393774302445571,38.48,1.59
1560393774402577022,38.49,1.09
1560393774502755056,38.5,0.52
1560393774602929175,38.5,-0.11
1560393774703052925,38.5,-0.39
1560393774803176002,38.49,-1.01
1560393774903336485,38.48,-1.23
1560393775003501026,38.47,-1.18
1560393775103729688,38.45,-1.63
1560393775203901008,38.44,-1.62
1560393775304043259,38.42,-1.48
1560393775404208488,38.41,-1.25
1560393775504333443,38.4,-0.89
1560393775604445048,38.39,-0.67
1560393775704561036,38.38,-0.61
1560393775804688339,38.38,-0.45
1560393775904796705,38.37,-0.46
1560393776004909409,38.37,-0.02
1560393776105026209,38.37,0.1
1560393776205181195,38.37,0.43
1560393776305350682,38.38,0.5
1560393776405470286,38.38,0.43
1560393776505627178,38.39,0.37
1560393776605778277,38.39,0.84
1560393776705909926,38.4,0.65
1560393776806022809,38.41,0.64
1560393776906189728,38.41,0.53
1560393777006339108,38.42,0.57
1560393777106457620,38.42,0.06
1560393777206612878,38.42,0.02
1560393777306734753,38.42,-0.2
1560393777406844950,38.42,-0.05
1560393777506996461,38.42,-0.16
1560393777607155924,38.42,-0.21
1560393777707296023,38.42,0.07
1560393777807415424,38.42,0.05
1560393777907526117,38.42,-0.21
1560393778007649548,38.42,0.1
1560393778107804796,38.42,-0.01
1560393778207926196,38.42,0.31
1560393778308079168,38.42,-0.04
1560393778408247570,38.42,-0.12
1560393778508388365,38.42,0.07
1560393778608496452,38.42,-0.03
1560393778708607404,38.42,-0.22
1560393778808772429,38.42,-0.03
1560393778908889446,38.41,-0.13
1560393779009011446,38.41,-0.03
1560393779109163692,38.41,-0.21
1560393779209269103,38.41,-0.2
1560393779309373398,38.41,0.2
1560393779409488434,38.41,0.19
1560393779509616148,38.41,-0.1
1560393779609743048,38.41,-0.04
1560393779709836279,38.41,0.24
1560393779809969723,38.42,0.27
1560393779910081372,38.42,0.09
1560393780010190915,38.42,0.23
1560393780110354608,38.42,0.46
1560393780210483593,38.43,0.38
1560393780310634460,38.43,0.2
1560393780410740953,38.43,0.15
1560393780510894024,38.43,0.32
1560393780611003378,38.44,0.16
1560393780711113394,38.44,-0.13
1560393780811267793,38.43,-0.34
1560393780911408955,38.43,0.01
1560393781011530413,38.43,-0.07
1560393781111611390,38.43,-0.39
1560393781211716854,38.43,-0.09
1560393781311861919,38.43,0.19
1560393781412002707,38.43,0.03
1560393781512102882,38.43,0.01
1560393781612201603,38.43,-0.15
1560393781712300580,38.43,0.27
1560393781812394590,38.43,0.16
1560393781912504399,38.43,0.05
1560393782012597801,38.43,-0.07
1560393782112696712,38.43,-0.07
1560393782212835050,38.43,-0.19
1560393782312980645,38.43,-0.18
1560393782413080007,38.43,-0.09
1560393782513224553,38.43,0.21
1560393782613328345,38.43,-0.07
1560393782713472809,38.43,-0.41
1560393782813618834,38.42,-0.59
1560393782913718961,38.42,-0.37
1560393783013826231,38.41,-0.21
1560393783113938151,38.41,-0.12
1560393783214036513,38.41,-0.36
1560393783314137414,38.41,-0.03
1560393783414236346,38.4,-0.39
1560393783514338781,38.4,-0.02
1560393783614488068,38.4,-0.09
1560393783714595588,38.4,0.04
1560393783814710392,38.4,0.04
1560393783914834257,38.4,0.07
1560393784015011314,38.4,0.02
1560393784115159156,38.41,0.35
1560393784215283343,38.41,-0.06
1560393784315410895,38.41,0.11
1560393784415625163,38.41,-0.12
1560393784515843894,38.41,0.1
1560393784616079657,38.41,-0.15
1560393784716484188,38.4,0
1560393784816765990,38.4,0.09
1560393784916912696,38.4,0.05
1560393785017183375,38.41,0.25
1560393785117351453,38.41,0.1
1560393785217491230,38.41,0.01
1560393785317670959,38.41,-0.01
1560393785417903361,38.41,0.19
1560393785518020741,38.41,0.38
1560393785618165035,38.41,-0.15
1560393785718388905,38.41,-0.14
1560393785818587623,38.41,0.09
1560393785918703322,38.41,0.17
1560393786018828058,38.41,-0.07
1560393786119033436,38.41,0.04
1560393786219152415,38.41,-0.02
1560393786319305978,38.41,-0.15
1560393786419465865,38.41,-0.13
1560393786519626263,38.41,0.05
1560393786619790491,38.41,-0.07
1560393786719944723,38.41,-0.3
1560393786820104678,38.41,-0.22
1560393786920263130,14.95,-0.03
1560393787020386301,14.95,-0.05
1560393787120522285,14.95,0.04
1560393787220675331,14.95,0.04
1560393787320795956,14.95,0.04
1560393787420934547,14.95,0.1
1560393787521102785,14.95,0.06
1560393787621226777,14.95,0.14
1560393787721341973,14.95,0.05
1560393787821456576,14.95,0.08
1560393787921576392,14.95,0.05
1560393788021725526,14.95,-0.02
1560393788121908874,14.95,-0.05
1560393788222073314,14.95,-0.11
1560393788322230108,14.95,-0.1
1560393788422382494,14.95,-0.08
1560393788522522105,14.95,-0.06
1560393788622681010,14.95,-0.05
1560393788722792295,14.95,-0.05
1560393788822903675,14.95,0.01
1560393788923066146,14.95,-0.02
1560393789023175619,14.95,-0.04
1560393789123354820,14.95,0.03
1560393789223495470,14.95,0.02
1560393789323644746,14.95,0.04
1560393789423757638,14.95,0.01
1560393789523876134,14.95,0.02
1560393789624036226,14.95,0.05
1560393789724158816,14.95,0.12
1560393789824295957,14.95,0.03
1560393789924456404,14.95,0.07
1560393790024579519,14.95,0.02
1560393790124726082,14.95,-0.03
1560393790224852686,14.95,-0.02
1560393790325002013,14.95,-0.04
1560393790425111227,14.95,-0.01
1560393790525250947,14.95,-0.05
1560393790625405365,14.95,-0.06
1560393790725529018,14.95,-0.09
1560393790825663317,14.95,-0.04
1560393790925782069,14.95,-0.04
1560393791025906857,14.95,0.02
1560393791126011534,14.95,0
1560393791226119278,14.95,0.06
1560393791326244922,14.95,0.01
1560393791426362447,14.95,0.02
1560393791526482404,14.95,0.04
1560393791626602080,14.95,0.04
1560393791726718662,14.95,0.05
1560393791826825643,14.95,0.02
1560393791926929154,14.95,0.04
1560393792027076251,14.95,-0.02
1560393792127183670,14.95,-0.05
1560393792227335195,14.95,0
1560393792327486055,14.95,-0.02
1560393792427647066,14.95,-0.03
1560393792527749975,14.95,0.05
1560393792627874359,14.95,-0.03
1560393792727999798,14.95,0.02
1560393792828134792,14.95,-0.01
1560393792928252282,14.95,-0.02
1560393793028370458,14.95,-0.07
1560393793128466918,14.95,-0.02
1560393793228592008,14.95,-0.04
1560393793328710311,14.95,-0.03
1560393793428833326,14.95,0
1560393793528947594,14.95,0.06
1560393793629068890,14.95,0.01
1560393793729305740,14.95,0.04
1560393793829432216,14.95,0
1560393793929551957,14.95,0.01
1560393794029672056,14.95,-0.03
1560393794129792336,14.95,0.03
1560393794229921542,14.95,0.04
1560393794330075082,14.95,0.05
1560393794430252951,14.95,-0.04
1560393794530413022,14.95,-0.01
1560393794630532579,14.95,0.04
1560393794730699637,14.95,0
1560393794830842484,14.95,-0.03
1560393794931017978,14.95,-0.03
1560393795031252775,14.95,0.04
1560393795131546203,14.95,0.01
1560393795231746596,14.95,-0.07
1560393795331915278,14.95,-0.02
1560393795432105745,14.95,0
1560393795532368492,14.95,-0.05
1560393795632570817,14.95,0.01
1560393795732776092,14.95,-0.02
1560393795832907885,14.95,0.01
1560393795933068458,14.95,0.02
1560393796033180341,14.95,0.01
1560393796133343211,14.95,0.06
1560393796233515751,14.95,0.01
1560393796333646783,14.95,-0.01
1560393796433809819,14.95,0.02
1560393796533991630,14.95,0.04
1560393796634140862,14.95,0.04
1560393796734261643,14.95,-0.01
1560393796834394394,14.95,0.01
1560393796934521837,14.95,-0.02
1560393797034655846,14.95,-0.05
1560393797134807387,14.95,0.02
1560393797234977369,14.95,0
1560393797335089386,14.95,0.01
1560393797435214242,14.95,-0.01
1560393797535372279,14.95,-0.04
1560393797635494013,14.95,0
1560393797735671630,14.95,-0.02
1560393797835841743,14.95,-0.02
1560393797936004067,14.95,0.02
1560393798036155268,14.95,-0.03
1560393798136275006,14.95,-0.01
