1560395052571572147,32017789,35355521
1560395052671790495,32017789,35355521
1560395052771981635,32017789,35355521
1560395052872323268,32017789,35355521
1560395052972548143,32017789,35355521
1560395053072813174,32017789,35355521
1560395053173047488,32017789,35355521
1560395053273296138,32017789,35355521
1560395053373486253,32017789,35355521
1560395053473744940,32017789,35355521
1560395053584282937,32017789,35355521
1560395053684479881,32017789,35355521
1560395053784659011,32017789,35355521
1560395053884888635,32017789,35355521
1560395053985123969,32017789,35355521
1560395054085395964,32017789,35355521
1560395054185618289,32017789,35355521
1560395054285850760,32017789,35355521
1560395054386081557,32017789,35355521
1560395054486281440,32017789,35355521
1560395054586514284,32017790,35355521
1560395054686725643,32017790,35355521
1560395054786960436,32017790,35355521
1560395054887199037,32017790,35355521
1560395054987407487,32017790,35355521
1560395055087661134,32017790,35355521
1560395055187829806,32017790,35355521
1560395055298434301,32017790,35355521
1560395055398706461,32017790,35355521
1560395055499010539,32017790,35355521
1560395055599265573,32017790,35355521
1560395055699767714,32017790,35355521
1560395055800025102,32017790,35355521
1560395055900227256,32017790,35355521
1560395056000477392,32017790,35355520
1560395056100686463,32017790,35355520
1560395056200878481,32017790,35355520
1560395056301139659,32017790,35355520
1560395056401334635,32017790,35355520
1560395056501515060,32017791,35355520
1560395056702008793,32019027,35356647
1560395056802213440,32022804,35360308
1560395056902415184,32028927,35366456
1560395057002614930,32035488,35373011
1560395057102829366,32041828,35379354
1560395057203099524,32048214,35385768
1560395057303258237,32054536,35392101
1560395057403387756,32060870,35398488
1560395057503635326,32067207,35404819
1560395057603868391,32073575,35411159
1560395057704045087,32079902,35417526
1560395057804259145,32086302,35423870
1560395057904655035,32092640,35430197
1560395058004872045,32099091,35436667
1560395058105082406,32105453,35443033
1560395058205281308,32111817,35449372
1560395058305483449,32118186,35455746
1560395058405775594,32124591,35462160
1560395058506001272,32130905,35468481
1560395058606320697,32137312,35474779
1560395058706570512,32143700,35481121
1560395058806770742,32149986,35487482
1560395058907017858,32156327,35493921
1560395059007231484,32162732,35500347
1560395059107402389,32169090,35506696
1560395059207581334,32175507,35513051
1560395059307815212,32181861,35519399
1560395059408011006,32188206,35525801
1560395059508187711,32194567,35532145
1560395059608388713,32200960,35538561
1560395059708599027,32207289,35544873
1560395059808741281,32213729,35551249
1560395059908915339,32220068,35557576
1560395060009113409,32226498,35563982
1560395060109340350,32232856,35570343
1560395060209608841,32239183,35576722
1560395060309823082,32245736,35583287
1560395060410037034,32252040,35589616
1560395060510234847,32258402,35595990
1560395060610544363,32264766,35602313
1560395060710717603,32271132,35608718
1560395060810957617,32277503,35615095
1560395060911132742,32283862,35621448
1560395061011502511,32290168,35627809
1560395061111670248,32296528,35634140
1560395061211872673,32302918,35640520
1560395061312069219,32309265,35646891
1560395061412372499,32315666,35653239
1560395061512599579,32321989,35659524
1560395061612909293,32328350,35665881
1560395061713140092,32334698,35672234
1560395061813462680,32341075,35678622
1560395061913867192,32347426,35684998
1560395062014208140,32353841,35691426
1560395062114477489,32360166,35697800
1560395062214833415,32366554,35704178
1560395062315271703,32372937,35710572
1560395062415705905,32379304,35716993
1560395062515981512,32385638,35723346
1560395062616191582,32391984,35729657
1560395062716354029,32398340,35735990
1560395062816536441,32404783,35742395
1560395062916734812,32411120,35748751
1560395063016936813,32417480,35755118
1560395063117116968,32423917,35761508
1560395063217324153,32430272,35767825
1560395063317569946,32436621,35774115
1560395063417764873,32443055,35780519
1560395063517944363,32449390,35786901
1560395063618250157,32455794,35793325
1560395063718475855,32462139,35799710
1560395063818711629,32468474,35806080
1560395063918908521,32474863,35812573
1560395064019121302,32481410,35818971
1560395064119328057,32487751,35825298
1560395064219568265,32494094,35831637
1560395064319814795,32500477,35838074
1560395064420040543,32506835,35844419
1560395064520198516,32513198,35850753
1560395064620396679,32519554,35857128
1560395064720655530,32525926,35863517
1560395064820864991,32532240,35869774
1560395064921077764,32538647,35876107
1560395065021300684,32545007,35882423
1560395065121546001,32551282,35888817
1560395065221710592,32557612,35895239
1560395065321841725,32564061,35901656
1560395065422047255,32570392,35907960
1560395065522306315,32576814,35914328
1560395065622464361,32583203,35920727
1560395065722630218,32589572,35927115
1560395065822856115,32595925,35933454
1560395065923041509,32602297,35939820
1560395066023175282,32608605,35946168
1560395066123374862,32615043,35952540
1560395066223572140,32621427,35958920
1560395066323754779,32627819,35965343
1560395066423893056,32634172,35971715
1560395066524059823,32640511,35978075
1560395066624211106,32646862,35984400
1560395066724411819,32653217,35990775
1560395066824576390,32659547,35997125
1560395066928119796,32665958,36003515
1560395067028334266,32672321,36009898
1560395067128489757,32678677,36016303
1560395067228669528,32685094,36022698
1560395067328855847,32691401,36029030
1560395067429085263,32697784,36035372
1560395067529364107,32704153,36041737
1560395067629800573,32710497,36048114
1560395067730202383,32716889,36054481
1560395067830355614,32723241,36060795
1560395067930689559,32729561,36067124
1560395068031080758,32735921,36073493
1560395068131290603,32742295,36079866
1560395068231496738,32748897,36086542
1560395068331739943,32755215,36092841
1560395068431967932,32761599,36099261
1560395068532190891,32767949,36105648
1560395068632434274,32774318,36111985
1560395068732666582,32780673,36118372
1560395068832847994,32787037,36124711
1560395068933084038,32793450,36131059
1560395069033277613,32799780,36137359
1560395069133554987,32806252,36143839
1560395069233750788,32812573,36150174
1560395069333975194,32818967,36156566
1560395069434180960,32825418,36162970
1560395069534410503,32831738,36169279
1560395069634614361,32838115,36175626
1560395069734853035,32844484,36181996
1560395069835112053,32850866,36188458
1560395069935316772,32857188,36194806
1560395070035514259,32863573,36201210
1560395070135669934,32869894,36207536
1560395070235849984,32876353,36213916
1560395070336080562,32882736,36220252
1560395070436270253,32889086,36226616
1560395070536454676,32895445,36232974
1560395070636614984,32901858,36239588
1560395070736769429,32908408,36246012
1560395070836988346,32914765,36252333
1560395070937184123,32921168,36258775
1560395071037370055,32927526,36265146
1560395071137533294,32933871,36271401
1560395071237720383,32940265,36277710
1560395071337941912,32946650,36284055
1560395071438115942,32952933,36290457
1560395071538295328,32959240,36296891
1560395071638556869,32965634,36303294
1560395071738785217,32971956,36309537
1560395071838960703,32978313,36315883
1560395071939907599,32984674,36322253
1560395072040164676,32991039,36328649
1560395072140447222,32997362,36334965
1560395072240637058,33003699,36341295
1560395072340866445,33010090,36347693
1560395072441073720,33016452,36354033
1560395072541283447,33022830,36360393
1560395072641450340,33029171,36366764
1560395072741702043,33035620,36373182
1560395072841915643,33041936,36379476
1560395072942120089,33048293,36385841
1560395073042313798,33054644,36392193
1560395073142520474,33060964,36398526
1560395073242781165,33067372,36404937
1560395073342976887,33073834,36411421
1560395073443148726,33080166,36417791
1560395073543330345,33086536,36424140
1560395073643480589,33092952,36430552
1560395073743683889,33099242,36436862
1560395073843877322,33105663,36443262
1560395073944113492,33112037,36449623
1560395074044281638,33118382,36455970
1560395074144563974,33124751,36462317
1560395074244807477,33131106,36468691
1560395074345186077,33137473,36475067
1560395074445721591,33144065,36481637
1560395074546051786,33150207,36488009
1560395074646337633,33156575,36494346
1560395074746677182,33163108,36500728
1560395074846872588,33169432,36507063
1560395074947073644,33175816,36513447
1560395075047560128,33182114,36519777
1560395075147789345,33188494,36526176
1560395075248255861,33194837,36532430
1560395075348541378,33201201,36538794
1560395075448750474,33207538,36545187
1560395075548956519,33213910,36551558
1560395075649168307,33220258,36557943
1560395075749377451,33226676,36564307
1560395075849676933,33233032,36570651
1560395075949861960,33239457,36577065
1560395076050060424,33245827,36583454
1560395076150236155,33252178,36589832
1560395076250456007,33258571,36596276
1560395076350630550,33264937,36602637
1560395076450799922,33271293,36608962
1560395076550984908,33277732,36615344
1560395076651208395,33284088,36621661
1560395076751383512,33290429,36628023
1560395076851613384,33296819,36634413
1560395076951841100,33303192,36640805
1560395077052013245,33309553,36647144
1560395077152249066,33315938,36653501
1560395077263025528,33328626,36666254
1560395077363240585,33334985,36672542
1560395077463455791,33341345,36678859
1560395077563658314,33347725,36685261
1560395077663902071,33354023,36691622
1560395077764075826,33360356,36698034
1560395077864236494,33366733,36704381
1560395077964490921,33373280,36710891
1560395078064735714,33379437,36717189
1560395078164978554,33386020,36723630
1560395078265207965,33392366,36729978
1560395078365405247,33398662,36736311
1560395078565846104,33410769,36749657
1560395078666129158,33414047,36755999
1560395078766321742,33417058,36762273
1560395078866522381,33420274,36768729
1560395078966894289,33423473,36775093
1560395079067165499,33426614,36781393
1560395079167369938,33429785,36787803
1560395079267608264,33432996,36794177
1560395079367870340,33436194,36800539
1560395079468102018,33439357,36806927
1560395079568295518,33442526,36813314
1560395079668539042,33445722,36819685
1560395079768766320,33448855,36826104
1560395079868983534,33452027,36832364
1560395079969122982,33455266,36838765
1560395080069451270,33458381,36845135
1560395080169657562,33461632,36851535
1560395080269830644,33464816,36857875
1560395080370127600,33467961,36864202
1560395080470333189,33471205,36870644
1560395080570590607,33474390,36876976
1560395080670809530,33477570,36883371
1560395080771085712,33480736,36889695
1560395080871396499,33483968,36896118
1560395080971574925,33487121,36902467
1560395081071800689,33490285,36908847
1560395081172013589,33493450,36915218
1560395081272296616,33496668,36921658
1560395081372485878,33499775,36927961
1560395081472660175,33503024,36934290
1560395081572895763,33506234,36940654
1560395081673140577,33509523,36947261
1560395081773398100,33512744,36953651
1560395081873609043,33515904,36959989
1560395081973835255,33519080,36966358
1560395082074010344,33522230,36972647
1560395082174166169,33525424,36978980
1560395082274344837,33528582,36985384
1560395082374562385,33531771,36991774
1560395082474764353,33534970,36998123
1560395082574998703,33538146,37004477
1560395082675276231,33541327,37010784
1560395082775594632,33544540,37017166
1560395082875797327,33547688,37023488
1560395082976112984,33550875,37029791
1560395083076366967,33554086,37036204
1560395083176595690,33557268,37042658
1560395083276982284,33560433,37049012
1560395083377476163,33563639,37055368
1560395083477915657,33566839,37061764
1560395083578407552,33569983,37068081
1560395083678632764,33573175,37074369
1560395083778864491,33576362,37080706
1560395083879095112,33579510,37087083
1560395083979321303,33582771,37093574
1560395084079495393,33585943,37099929
1560395084179703640,33589098,37106258
1560395084279902740,33592295,37112601
1560395084380116644,33595479,37118973
1560395084480319708,33598661,37125379
1560395084580555880,33601890,37131813
1560395084680756204,33605062,37138184
1560395084780979587,33608274,37144606
1560395084881182168,33611473,37150949
1560395084981395784,33614668,37157319
1560395085081638202,33617969,37163942
1560395085181819855,33621034,37170252
1560395085282046164,33624343,37176657
1560395085382315750,33627485,37183006
1560395085482563545,33630655,37189331
1560395085582807223,33633886,37195717
1560395085683052380,33637018,37202020
1560395085783296115,33640186,37208429
1560395085883524183,33643381,37214803
1560395085983750570,33646565,37221150
1560395086084029176,33649704,37227519
1560395086184351381,33652901,37233841
1560395086284515525,33656084,37240202
1560395086384756524,33659210,37246580
1560395086485002733,33662435,37252954
1560395086585266258,33665608,37259283
1560395086685544399,33668765,37265675
1560395086785895174,33671964,37272016
1560395086886155215,33675170,37278385
1560395086986327246,33678338,37284756
1560395087086576757,33681559,37291163
1560395087186793679,33684695,37297482
1560395087287016697,33687877,37303861
1560395087387198599,33691025,37310179
1560395087487391809,33694246,37316585
1560395087587578401,33697430,37322980
1560395087687803569,33700595,37329302
1560395087788059061,33703835,37335662
1560395087888345880,33707001,37342016
1560395087988567605,33710183,37348415
1560395088088792178,33713431,37354840
1560395088189047598,33716615,37361183
1560395088289228520,33719778,37367537
1560395088389440616,33722973,37373842
1560395088489605144,33726184,37380211
1560395088589857464,33729310,37386606
1560395088690186534,33732520,37392959
1560395088790394912,33735748,37399350
1560395088890679127,33738918,37405714
1560395088990887084,33742191,37412191
1560395089091063614,33745366,37418555
1560395089191265646,33748458,37424873
1560395089291542908,33751644,37431254
1560395089391745985,33754797,37437643
1560395089492038869,33757976,37444039
1560395089592485768,33761164,37450384
1560395089692878815,33764375,37456776
1560395089793208693,33767516,37463161
1560395089893589213,33770719,37469455
1560395089993874783,33773907,37475748
1560395090104859829,33780258,37488483
1560395090205059916,33783453,37494893
1560395090305241263,33786638,37501276
1560395090405455813,33789806,37507636
1560395090505611373,33792984,37513983
1560395090605800392,33796178,37520360
1560395090706039216,33799351,37526821
1560395090806271875,33802524,37533150
1560395090906508228,33805759,37539531
1560395091006727845,33808904,37545903
1560395091106894804,33812119,37552219
1560395091207146374,33815672,37559287
1560395091307365082,33818866,37565740
1560395091407561566,33822051,37572051
1560395091507815792,33825256,37578450
1560395091618443650,33831611,37591151
1560395091718652397,33834810,37597512
1560395091818814892,33837973,37603886
1560395091918977146,33841176,37610273
1560395092019195569,33844367,37616658
1560395092119366358,33847515,37623202
1560395092219528342,33850790,37629568
1560395092319725268,33853992,37635935
1560395092419894864,33857140,37642294
1560395092520102277,33860351,37648689
1560395092720606839,33868345,37661967
1560395092820780478,33874616,37668258
1560395092921080484,33881121,37674757
1560395093021295523,33887424,37681107
1560395093121620238,33893744,37687410
1560395093221794666,33900106,37693788
1560395093322003279,33906491,37700107
1560395093422194795,33912910,37706486
1560395093522453860,33919271,37712809
1560395093622644572,33925678,37719230
1560395093722857865,33931967,37725572
1560395093823101010,33938346,37731893
1560395093923307459,33944721,37738233
1560395094023566317,33951135,37744678
1560395094123801463,33957464,37751029
1560395094224001403,33963825,37757377
1560395094324245082,33970178,37763757
1560395094424481389,33976560,37770098
1560395094524789311,33982930,37776452
1560395094625136930,33989275,37782776
1560395094725307621,33995683,37789176
1560395094825514925,34002042,37795594
1560395094925827149,34008419,37801997
1560395095026190511,34014796,37808364
1560395095126710519,34021168,37814700
1560395095226933386,34027553,37821098
1560395095327157574,34033935,37827415
1560395095427347518,34040297,37833828
1560395095527579999,34046753,37840275
1560395095627779829,34053099,37846649
1560395095727960558,34059445,37853006
1560395095828152418,34065815,37859391
1560395095928315396,34072163,37865927
1560395096028508209,34078694,37872225
1560395096128742661,34085084,37878550
1560395096228897979,34091360,37884878
1560395096329117133,34097729,37891306
1560395096429357224,34104137,37897743
1560395096529542985,34110436,37904080
1560395096640122521,34123175,37916708
1560395096740392174,34129482,37923066
1560395096840698577,34135873,37929437
1560395096940984213,34142266,37935786
1560395097041392494,34148579,37942130
1560395097141803030,34154899,37948484
1560395097242256315,34161317,37954872
1560395097342664774,34167665,37961231
1560395097553447392,34187412,37979712
1560395097653626356,34193794,37982965
1560395097753878534,34200107,37986060
1560395097854071712,34206517,37989234
1560395097954199536,34212915,37992400
1560395098054376762,34219304,37995613
1560395098154580338,34225712,37998783
1560395098355024790,34239115,38006791
1560395098455195358,34245483,38013134
1560395098555331151,34251918,38019645
1560395098655485080,34258241,38025980
1560395098755650065,34264578,38032309
1560395098855829210,34270943,38038680
1560395098956043398,34277472,38045255
1560395099056278627,34283674,38051581
1560395099156466079,34290184,38057958
1560395099256670783,34296566,38064291
1560395099356931359,34302942,38070684
1560395099457288877,34309263,38077043
1560395099557509782,34315686,38083422
1560395099657749446,34321998,38089726
1560395099757954405,34328348,38096092
1560395099858302236,34334696,38102430
1560395099958572707,34341057,38108821
1560395100058822392,34347376,38115163
1560395100159052278,34353740,38121549
1560395100259269520,34360102,38127908
1560395100359504883,34366454,38134206
1560395100459741483,34372808,38140553
1560395100559961019,34379227,38147010
1560395100660163091,34385571,38153353
1560395100760412028,34391932,38159691
1560395100860655897,34398281,38166068
1560395100960848746,34404642,38172413
1560395101061077801,34411014,38178778
1560395101161354585,34417373,38185153
1560395101271868672,34430133,38197963
1560395101372072733,34436532,38204312
1560395101472227830,34442908,38210657
1560395101572420549,34449301,38217051
1560395101672794337,34455634,38223380
1560395101783378206,34468321,38236110
1560395101883652628,34475377,38243182
1560395101983853713,34481755,38249531
1560395102084076259,34488071,38255904
1560395102184275058,34494476,38262323
1560395102284445966,34500823,38268662
1560395102484960378,34514216,38282098
1560395102595506883,34527139,38294928
1560395102695700211,34533558,38301330
1560395102795900770,34539901,38307626
1560395102896168310,34546276,38313961
1560395102996432793,34552577,38320306
1560395103196944566,34565905,38332434
1560395103297137339,34572240,38335661
1560395103408195809,34584935,38341917
1560395103508428975,34591282,38345088
1560395103608626547,34597680,38348265
1560395103708862736,34604041,38351440
1560395103909372489,34617487,38359392
1560395104009643715,34623840,38365734
1560395104109870947,34630319,38372246
1560395104210126274,34636693,38378570
1560395104310296971,34643004,38384910
1560395104410495447,34649411,38391356
1560395104510756026,34655738,38397678
1560395104610954653,34662085,38404048
1560395104711190498,34668444,38410450
1560395104811355184,34674856,38416886
1560395104911574383,34681166,38423234
1560395105011851749,34687532,38429575
1560395105112041424,34693873,38435930
1560395105212187939,34700259,38442350
1560395105312456651,34706631,38448705
1560395105412607932,34713010,38455050
1560395105512799186,34719355,38461387
1560395105613091471,34725921,38467959
1560395105713247063,34732260,38474303
1560395105813492955,34738617,38480679
1560395105913703321,34744984,38487025
1560395106013858747,34751355,38493389
1560395106114085955,34757665,38499712
1560395106214383696,34764033,38506077
1560395106314589149,34770377,38512428
1560395106414727332,34776731,38518794
1560395106514941644,34783078,38525165
1560395106615134773,34789401,38531460
1560395106715370066,34795779,38537804
1560395106815680494,34802126,38544202
1560395106915867782,34808447,38550564
1560395107016123590,34814876,38556953
1560395107116283707,34821250,38563303
1560395107216479010,34827633,38569632
1560395107316638485,34834055,38576005
1560395107416873571,34840396,38582351
1560395107517103269,34846795,38588755
1560395107617316271,34853184,38595196
1560395107717538541,34859469,38601546
1560395107817713076,34865846,38607888
1560395107917906655,34872196,38614214
1560395108018099033,34878570,38620561
1560395108118263453,34884961,38626963
1560395108218456939,34891313,38633362
1560395108318602509,34897676,38639756
1560395108418795345,34904088,38646164
1560395108518972609,34910466,38652539
1560395108619157092,34916816,38658900
1560395108719470173,34923218,38665278
1560395108819686309,34929525,38671545
1560395108920065206,34935898,38677827
1560395109020378204,34942346,38684249
1560395109120669982,34948626,38690621
1560395109220835857,34954952,38697026
1560395109321006952,34961341,38703429
1560395109421218179,34967761,38709761
1560395109521425811,34974111,38716099
1560395109621640277,34980495,38722508
1560395109721876595,34986886,38729075
1560395109822217131,34993415,38735438
1560395109922470844,34999741,38741781
1560395110022680051,35006106,38748118
1560395110123084714,35012483,38754473
1560395110223303393,35018819,38760834
1560395110323481994,35025189,38767176
1560395110423642937,35031566,38773539
1560395110524309162,35037898,38779845
1560395110624640381,35044231,38786212
1560395110724862718,35050545,38792555
1560395110825036474,35056903,38798905
1560395110925234859,35063282,38805299
1560395111025413009,35069659,38811734
1560395111125631904,35076044,38818137
1560395111225862421,35082388,38824501
1560395111326015077,35088713,38830850
1560395111426207222,35095066,38837237
1560395111526460772,35101394,38843623
1560395111626677412,35107816,38850010
1560395111726863613,35114222,38856389
1560395111827117188,35120632,38862770
1560395111927343924,35126949,38869078
1560395112027518229,35133341,38875473
1560395112127701871,35139655,38881812
1560395112227925677,35146077,38888196
1560395112328073549,35152399,38894524
1560395112428282500,35158739,38900860
1560395112528542854,35165130,38907234
1560395112628768683,35171548,38913662
1560395112728972803,35177872,38920003
1560395112829213595,35184281,38926382
1560395112929446299,35190640,38932688
1560395113029693682,35197068,38939068
1560395113129864131,35203408,38945435
1560395113230031145,35209751,38951780
1560395113330262478,35216129,38958129
1560395113430485212,35222651,38964623
1560395113530728809,35229004,38970958
1560395113630895607,35235345,38977278
1560395113731114613,35241681,38983643
1560395113831326552,35248083,38990038
1560395113931520945,35254401,38996429
1560395114031697374,35260717,39002808
1560395114132050772,35267073,39009179
1560395114232257636,35273425,39015533
1560395114332450973,35279766,39021870
1560395114432653533,35286136,39028203
1560395114532882766,35292468,39034537
1560395114633067079,35298834,39040923
1560395114733251803,35305204,39047263
1560395114833477714,35311565,39053601
1560395114933704610,35317945,39059985
1560395115033989541,35324316,39066359
1560395115134129729,35330658,39072663
1560395115234267286,35337076,39078984
1560395115334438705,35343486,39085386
1560395115434655476,35349760,39091782
1560395115534833162,35356116,39098227
1560395115634929579,35362536,39104615
1560395115735065161,35368890,39110928
1560395115835293533,35375249,39117245
1560395115935427817,35381693,39123732
1560395116035664442,35388002,39130069
1560395116135770124,35394369,39136417
1560395116235951043,35400692,39142759
1560395116336150754,35407040,39149099
1560395116436333903,35413425,39155496
1560395116536528520,35419783,39161870
1560395116636687178,35426180,39168240
1560395116736866917,35432532,39174582
1560395116837089817,35438883,39180916
1560395116937543702,35445292,39187308
1560395117037891748,35451587,39193652
1560395117138237180,35457962,39199999
1560395117238608561,35464348,39206406
1560395117338935913,35470762,39212865
1560395117439144369,35477115,39219246
1560395117539332483,35483478,39225624
1560395117639781601,35489996,39232158
1560395117740061735,35496361,39238504
1560395117840265133,35502720,39244861
1560395117940499944,35509105,39251226
1560395118040698718,35515508,39257550
1560395118140872885,35521875,39263883
1560395118241049467,35528225,39270214
1560395118341263705,35534594,39276605
1560395118441464541,35540960,39282970
1560395118541641624,35547297,39289294
1560395118641818447,35553651,39295659
1560395118741995856,35559960,39302021
1560395118842224506,35566334,39308385
1560395118942400770,35572673,39314762
1560395119042594619,35579043,39321179
1560395119142791746,35585387,39327512
1560395119242986640,35591761,39333829
1560395119343171194,35598130,39340185
1560395119443341111,35604508,39346584
1560395119543557447,35610888,39352986
1560395119643769992,35617274,39359356
1560395119743949552,35623643,39365710
1560395119844255641,35629980,39372020
1560395119944465113,35636401,39378401
1560395120044641140,35642721,39384770
1560395120144805456,35649098,39391146
1560395120244937300,35655466,39397532
1560395120345114337,35661856,39403968
1560395120445261202,35668142,39410276
1560395120545390680,35674535,39416660
1560395120645550478,35680877,39422998
1560395120745768734,35687241,39429357
1560395120846000265,35693647,39435782
1560395120946197057,35699970,39442148
1560395121046424389,35706401,39448531
1560395121146655918,35712780,39454871
1560395121246862059,35719142,39461255
1560395121347030230,35725558,39467637
1560395121447234284,35731888,39473928
1560395121547554691,35738267,39480223
1560395121647718987,35744660,39486645
1560395121747877094,35750965,39493248
1560395121848107241,35757472,39499624
1560395121948325123,35763888,39506003
1560395122048557177,35770183,39512259
1560395122148730259,35776586,39518619
1560395122248892170,35782967,39525000
1560395122349219525,35789311,39531306
1560395122449429309,35795659,39537584
1560395122549781387,35802015,39543957
1560395122649948554,35808356,39550309
1560395122750183366,35814732,39556711
1560395122850399443,35821110,39563104
1560395122950627359,35827474,39569491
1560395123050790241,35833860,39575876
1560395123150965364,35840226,39582220
1560395123251291531,35846602,39588589
1560395123351476724,35852966,39594993
1560395123451730749,35859335,39601383
1560395123551887552,35865720,39607813
1560395123652306472,35872070,39614221
1560395123752645624,35878500,39620662
1560395123853054882,35884844,39627020
1560395123953478436,35891144,39633339
1560395124053764140,35897559,39639743
1560395124154008537,35903915,39646106
1560395124254215202,35910283,39652463
1560395124354466243,35916716,39658832
1560395124454661496,35923060,39665129
1560395124554869810,35929469,39671539
1560395124655064074,35935773,39677869
1560395124755207297,35942134,39684223
1560395124855414940,35948468,39690551
1560395124955676038,35954866,39696946
1560395125055857450,35961143,39703276
1560395125155982732,35967498,39709622
1560395125256173566,35973883,39716002
1560395125356328765,35980204,39722335
1560395125456515990,35986788,39728894
1560395125556674554,35992968,39735177
1560395125656840681,35999484,39741569
1560395125756965393,36005868,39747947
1560395125857142868,36012213,39754317
1560395125957316341,36018568,39760662
1560395126057519228,36024940,39766995
1560395126157659843,36031300,39773339
1560395126257903632,36037646,39779651
1560395126358090170,36044023,39786065
1560395126458270015,36050399,39792465
1560395126558404889,36056736,39798845
1560395126658571380,36063065,39805202
1560395126758736552,36069395,39811534
1560395126858912585,36075816,39817888
1560395126959079205,36082141,39824201
1560395127059358492,36088483,39830542
1560395127159559142,36094878,39836942
1560395127259792049,36101267,39843355
1560395127359938297,36107645,39849711
1560395127460145279,36114041,39856105
1560395127560311383,36120439,39862506
1560395127660559344,36126797,39868819
1560395127760780512,36133190,39875140
1560395127860969762,36139528,39881445
1560395127961174070,36145903,39887858
1560395128061416667,36152176,39894295
1560395128161634247,36158509,39900683
1560395128261867529,36164903,39907032
1560395128362095330,36171276,39913354
1560395128462282746,36177631,39919700
1560395128562561205,36184050,39926144
1560395128662782211,36190389,39932493
1560395128762937946,36196781,39938856
1560395128863064237,36203113,39945202
1560395128963295564,36209413,39951482
1560395129063652530,36215954,39958050
1560395129163851509,36222190,39964246
1560395129264047564,36228496,39970585
1560395129364237919,36235101,39977172
1560395129464372906,36241391,39983503
1560395129564526323,36247724,39989794
1560395129664691906,36254140,39996210
1560395129764933246,36260466,40002530
1560395129865158653,36267024,40009119
1560395129965328003,36273220,40015529
1560395130065600541,36279708,40021882
1560395130165773891,36286089,40028239
1560395130266032338,36292443,40034572
1560395130366258784,36298745,40040910
1560395130466504934,36305138,40047282
1560395130566667623,36311566,40053646
1560395130666943895,36318143,40059980
1560395130767190822,36324502,40066300
1560395130867445167,36330498,40072622
1560395130967658805,36336861,40078996
1560395131068104454,36343416,40085630
1560395131168694259,36349723,40092118
1560395131268953523,36356024,40098075
1560395131369358102,36362312,40104188
1560395131469604971,36368797,40110866
1560395131569813076,36375237,40117310
1560395131670017174,36381588,40123690
1560395131770216245,36388002,40130042
1560395131870449631,36394371,40136399
1560395131970691857,36400734,40142803
1560395132070883985,36407128,40149218
1560395132171067721,36413532,40155642
1560395132281610004,36426272,40168320
1560395132381812985,36432645,40174632
1560395132482030039,36438988,40180958
1560395132682632721,36451156,40194425
1560395132782858166,36454235,40200791
1560395132883181568,36457280,40207140
1560395132983449408,36460512,40213509
1560395133083656411,36463731,40219859
1560395133183884943,36466873,40226191
1560395133284223253,36470130,40232790
1560395133384743258,36473367,40239200
1560395133484993750,36476548,40245533
1560395133585454100,36479712,40251883
1560395133685755602,36482907,40258256
1560395133785977866,36486092,40264679
1560395133886223528,36489215,40270979
1560395133986637453,36492327,40277035
1560395134086967766,36495586,40283538
1560395134187152295,36498761,40289912
1560395134287293409,36501943,40296360
1560395134387507759,36505188,40302805
1560395134487721092,36508312,40309054
1560395134587976463,36511510,40315391
1560395134688180015,36514716,40321801
1560395134788423575,36517915,40328219
1560395134888596751,36521098,40334560
1560395134988773891,36524266,40340886
1560395135088937297,36527435,40347256
1560395135189165255,36530622,40353643
1560395135289328763,36533814,40359961
1560395135389496498,36537027,40366386
1560395135489652655,36540186,40372710
1560395135589866430,36543402,40379088
1560395135690078832,36546531,40385434
1560395135790228444,36549625,40391799
1560395135890454026,36552863,40398185
1560395135990697032,36556005,40404523
1560395136090936448,36559180,40410965
1560395136191219790,36562388,40417321
1560395136291458945,36565583,40423683
1560395136391723807,36568739,40430026
1560395136491968225,36571966,40436417
1560395136592213150,36575158,40442800
1560395136692422462,36578313,40449166
1560395136792649526,36581610,40455743
1560395136892907900,36584683,40462034
1560395136993145552,36587929,40468399
1560395137093380652,36591121,40474778
1560395137193624638,36594324,40481176
1560395137293791873,36597442,40487495
1560395137394113459,36600612,40493850
1560395137494351394,36603798,40500157
1560395137594513139,36606997,40506563
1560395137694762964,36610148,40512924
1560395137794967290,36613370,40519283
1560395137895139013,36616579,40525674
1560395137995350309,36619711,40531945
1560395138095563704,36622940,40538299
1560395138195862937,36626112,40544667
1560395138296102485,36629262,40551025
1560395138396440416,36632505,40557452
1560395138496624812,36635669,40563771
1560395138596818185,36638833,40570118
1560395138697118737,36642026,40576464
1560395138797507023,36645217,40582840
1560395138897689298,36648376,40589252
1560395138997882382,36651571,40595627
1560395139098175883,36654774,40602065
1560395139198411973,36657940,40608409
1560395139298666466,36661116,40614704
1560395139398940311,36664346,40621118
1560395139499208243,36667485,40627431
1560395139599513952,36670670,40633829
1560395139699831816,36673884,40640202
1560395139800226920,36677070,40646614
1560395139900561451,36680247,40652971
1560395140000738352,36683432,40659340
1560395140101266303,36686639,40665755
1560395140201514871,36689760,40672028
1560395140301654241,36692968,40678326
1560395140401931287,36696270,40684914
1560395140502130889,36699426,40691309
1560395140602289142,36702645,40697749
1560395140702685570,36705846,40704102
1560395140802922566,36709010,40710350
1560395140903189492,36712206,40716703
1560395141003374869,36715395,40723083
1560395141103572971,36718533,40729451
1560395141203783053,36721709,40735791
1560395141303958910,36724883,40742108
1560395141404147989,36728062,40748493
1560395141504333937,36731206,40754796
1560395141604525905,36734424,40761176
1560395141704689921,36737598,40767567
1560395141804820011,36740783,40773949
1560395141905041938,36744024,40780295
1560395142005221555,36747160,40786684
1560395142105396338,36750324,40793007
1560395142205608856,36753519,40799342
1560395142305970842,36756702,40805770
1560395142406146150,36759856,40812142
1560395142506331140,36763071,40818540
1560395142606570634,36766222,40824868
1560395142706777252,36769423,40831291
1560395142806949971,36772570,40837572
1560395142907200721,36775789,40843991
1560395143007424123,36778927,40850340
1560395143107631057,36782126,40856740
1560395143207776175,36785344,40863095
1560395143308151521,36788476,40869445
1560395143408339043,36791715,40875879
1560395143508562685,36794906,40882245
1560395143608717752,36798054,40888616
1560395143708904037,36801259,40894943
1560395143809138722,36804440,40901288
1560395143909369805,36807655,40907740
1560395144009589770,36810810,40914098
1560395144109876509,36814029,40920446
1560395144220421242,36820438,40933285
1560395144320692219,36823587,40939621
1560395144521165230,36831669,40953066
1560395144621440271,36837958,40959395
1560395144721627830,36844468,40965858
1560395144821798355,36850777,40972141
1560395144922035932,36857108,40978451
1560395145022219566,36863472,40984831
1560395145122441521,36869759,40991180
1560395145222627773,36876185,40997582
1560395145322801524,36882503,41003935
1560395145422974809,36888868,41010256
1560395145523344776,36895257,41016633
1560395145623508670,36901632,41022967
1560395145723874846,36908055,41029356
1560395145824062115,36914446,41035766
1560395145924282860,36920823,41042158
1560395146024515198,36927212,41048577
1560395146124687587,36933532,41054899
1560395146224862379,36939942,41061319
1560395146325103092,36946299,41067641
1560395146425333651,36952624,41073981
1560395146525581028,36958905,41080241
1560395146625794852,36965340,41086661
1560395146725987845,36971706,41093071
1560395146826270574,36978085,41099500
1560395146926527889,36984426,41105823
1560395147026725371,36990795,41112120
1560395147126937204,36997146,41118471
1560395147227150606,37003558,41124902
1560395147327387891,37009856,41131257
1560395147427581374,37016276,41137604
1560395147527740859,37022663,41143985
1560395147627982840,37029056,41150352
1560395147728198431,37035396,41156707
1560395147828378298,37041768,41163078
1560395147928583514,37048135,41169460
1560395148028819609,37054676,41176049
1560395148129012300,37061029,41182378
1560395148229242948,37067401,41188777
1560395148329456707,37073750,41195104
1560395148429727041,37080084,41201456
1560395148529922706,37086480,41207820
1560395148630129559,37092814,41214192
1560395148730296062,37099157,41220547
1560395148830500244,37105553,41226915
1560395148930710591,37111875,41233224
1560395149030976063,37118235,41239562
1560395149131195517,37124580,41245941
1560395149231389676,37130918,41252282
1560395149331726589,37137274,41258620
1560395149432284314,37143661,41264933
1560395149532521497,37149991,41271319
1560395149632696845,37156445,41277766
1560395149732836205,37162775,41284112
1560395149833016696,37169098,41290456
1560395149933203597,37175475,41296846
1560395150033393399,37181854,41303234
1560395150133612995,37188196,41309578
1560395150233803650,37194558,41315963
1560395150334024690,37200975,41322389
1560395150434195961,37207293,41328700
1560395150534432515,37213703,41335020
1560395150634671359,37220056,41341402
1560395150734843881,37226535,41347830
1560395150835163539,37232864,41354180
1560395150935347393,37239237,41360525
1560395151035637947,37245622,41366870
1560395151135837647,37252025,41373232
1560395151236072526,37258339,41379505
1560395151336304784,37264712,41385906
1560395151436489561,37271049,41392281
1560395151536632228,37277490,41398767
1560395151636873719,37283840,41405129
1560395151737138864,37290168,41411478
1560395151837300789,37296556,41417816
1560395151937538345,37303123,41424395
1560395152037816013,37309275,41430733
1560395152138026139,37315828,41437126
1560395152238185231,37322183,41443510
1560395152338368470,37328499,41449844
1560395152438528400,37334854,41456209
1560395152538684384,37341235,41462606
1560395152638941648,37347576,41468948
1560395152739119774,37353849,41475209
1560395152839392229,37360198,41481562
1560395152939613196,37366593,41487958
1560395153039815223,37372933,41494345
1560395153140022712,37379301,41500761
1560395153240262500,37385674,41507060
1560395153340449340,37392019,41513377
1560395153440635800,37398354,41519713
1560395153540786302,37404713,41526135
1560395153640966564,37411078,41532518
1560395153741132007,37417451,41538879
1560395153841310258,37423873,41545260
1560395153941474497,37430198,41551596
1560395154041662844,37436577,41557940
1560395154141892165,37442946,41564328
1560395154242101113,37449296,41570697
1560395154342306284,37455650,41577041
1560395154442533541,37462012,41583407
1560395154542749012,37468417,41589786
1560395154642964446,37474781,41596125
1560395154743176613,37481138,41602462
1560395154843357183,37487503,41608873
1560395154943519634,37493916,41615295
1560395155043712012,37500205,41621647
1560395155143948484,37506635,41627983
1560395155244185756,37513011,41634293
1560395155344489412,37519431,41640695
1560395155444705639,37525772,41647085
1560395155544918175,37532143,41653474
1560395155645148622,37538489,41659790
1560395155745407284,37544935,41666235
1560395155845567882,37551258,41672590
1560395155945824966,37557599,41678970
1560395156046007831,37563967,41685327
1560395156146202628,37570517,41691907
1560395156246549776,37576699,41698230
1560395156347032193,37583233,41704590
1560395156447404368,37589564,41710942
1560395156547870829,37595983,41717321
1560395156648113890,37602284,41723657
1560395156748333722,37608637,41729963
1560395156848555642,37614959,41736278
1560395156949171020,37621319,41742647
1560395157049410837,37627718,41749038
1560395157149647636,37634096,41755420
1560395157249889128,37640501,41761851
1560395157350114975,37646833,41768166
1560395157450326187,37653216,41774504
1560395157550556410,37659552,41780859
1560395157650742617,37665986,41787306
1560395157750933520,37672326,41793683
1560395157851111713,37678679,41800043
1560395157951386589,37685065,41806438
1560395158051608307,37691431,41812778
1560395158151835043,37697773,41819113
1560395158252033882,37704171,41825489
1560395158352268632,37710507,41831856
1560395158452531139,37716957,41838294
1560395158552711603,37723286,41844647
1560395158652972339,37729628,41851004
1560395158753151916,37736014,41857361
1560395158853405595,37742431,41863798
1560395158953619427,37748693,41870070
1560395159053782194,37755017,41876380
1560395159154000381,37761360,41882686
1560395159254232211,37767752,41889122
1560395159354465679,37774156,41895552
1560395159454598190,37780488,41901906
1560395159554761650,37786872,41908241
1560395159654926442,37793402,41914781
1560395159755074058,37799522,41921131
1560395159855195813,37806082,41927544
1560395159955427830,37812436,41933900
1560395160055595712,37818796,41940240
1560395160155745764,37825236,41946654
1560395160255987736,37831560,41952967
1560395160356134645,37837950,41959343
1560395160456304938,37844307,41965709
1560395160556485440,37850638,41972042
1560395160656680110,37856997,41978391
1560395160756816575,37863352,41984746
1560395160856940110,37869700,41991115
1560395160957071207,37876081,41997415
1560395161057353979,37882456,42003784
1560395161157578873,37888833,42010170
1560395161257780908,37895152,42016538
1560395161357960723,37901509,42022882
1560395161458188937,37907889,42029234
1560395161558431995,37914329,42035626
1560395161658660480,37920629,42041960
1560395161758809943,37927007,42048341
1560395161858975178,37933361,42054694
1560395161959156161,37939726,42061067
1560395162059520576,37946097,42067405
1560395162159727850,37952477,42073798
1560395162259900559,37958823,42080156
1560395162360110504,37965272,42086592
1560395162460325855,37971572,42092902
1560395162560497653,37977957,42099293
1560395162660667287,37984316,42105662
1560395162760842001,37990692,42112063
1560395162861176238,37997028,42118443
1560395162961596462,38003396,42124807
1560395163062020512,38009738,42131126
1560395163162233569,38016191,42137517
1560395163262570732,38022560,42143920
1560395163363070461,38028927,42150290
1560395163463497183,38035332,42156728
1560395163563794953,38041679,42163089
1560395163664270936,38048238,42169628
1560395163764426904,38054587,42175969
1560395163864651021,38060919,42182304
1560395163964868670,38067284,42188685
1560395164065089070,38073619,42195028
1560395164165250964,38079971,42201429
1560395164265516356,38086356,42207755
1560395164365731487,38092660,42214075
1560395164465962219,38099015,42220412
1560395164566148670,38105388,42226770
1560395164666360560,38111772,42233158
1560395164766564626,38118134,42239549
1560395164866822643,38124505,42245923
1560395164967037350,38130850,42252281
1560395165067245535,38137291,42258714
1560395165167463869,38143649,42265048
1560395165267632141,38149954,42271355
1560395165367833627,38156280,42277632
1560395165468060918,38162729,42284058
1560395165568338964,38169057,42290434
1560395165668564546,38175456,42296865
1560395165768772357,38181825,42303220
1560395165869007708,38188233,42309557
1560395165969210664,38194563,42315891
1560395166080126179,38207246,42328661
1560395166180331245,38214343,42335732
1560395166280561108,38220753,42342132
1560395166380729908,38227072,42348484
1560395166480931928,38233436,42354840
1560395166581141459,38239786,42361204
1560395166681391412,38246174,42367598
1560395166781618936,38252564,42374012
1560395166881831552,38258892,42380314
1560395166982066773,38265283,42386689
1560395167082261911,38271639,42393038
1560395167182492953,38278014,42399545
1560395167282642374,38284570,42405969
1560395167382855337,38290889,42412336
1560395167598786353,38304445,42425910
1560395167699013199,38309421,42432250
1560395167799207599,38312703,42438660
1560395167899380585,38315749,42444919
1560395167999580632,38318961,42451350
1560395168099804835,38322097,42457678
1560395168200073192,38325319,42464055
1560395168300265629,38328466,42470432
1560395168400528932,38331634,42476787
1560395168500769896,38334848,42483141
1560395168601013368,38338037,42489548
1560395168701240470,38341204,42495906
1560395168801475880,38344433,42502262
1560395168901663974,38347567,42508633
1560395169001846060,38350759,42515202
1560395169102052777,38353952,42521592
1560395169202246485,38357169,42527935
1560395169302482742,38360366,42534233
1560395169402718055,38363572,42540599
1560395169502914839,38366740,42546984
1560395169718038932,38373533,42560518
1560395169818338359,38378075,42566873
1560395169918554297,38384430,42573177
1560395170018742404,38390934,42579639
1560395170118928524,38397232,42586015
1560395170219102442,38403628,42592372
1560395170319332994,38410041,42598843
1560395170419501878,38416377,42605134
1560395170519693003,38422796,42611513
1560395170619865680,38429147,42617819
1560395170720056618,38435533,42624175
1560395170820181320,38441901,42630554
1560395170920317120,38448272,42636948
1560395171020548931,38454659,42643352
1560395171120834548,38460995,42649682
1560395171221069733,38467537,42656277
1560395171321282422,38473726,42662636
1560395171421524555,38480260,42668972
1560395171521692989,38486613,42675241
1560395171621914535,38492967,42681586
1560395171722179074,38499296,42687950
1560395171822339055,38505665,42694346
1560395171922497548,38512035,42700722
1560395172022678697,38518424,42707059
1560395172122852659,38524725,42713365
1560395172223043801,38531075,42719729
1560395172323166062,38537465,42726138
1560395172423379952,38543863,42732481
1560395172523579977,38550199,42738855
1560395172623813639,38556517,42745186
1560395172724051264,38562902,42751564
1560395172824257207,38569254,42757926
1560395172924422394,38575685,42764329
1560395173024656722,38582019,42770668
1560395173124858205,38588379,42777030
1560395173225090878,38594708,42783340
1560395173325406930,38601102,42789738
1560395173425712793,38607420,42796084
1560395173525948728,38613827,42802426
1560395173626173618,38620200,42808866
1560395173726361074,38626572,42815233
1560395173826565170,38632926,42821603
1560395173926897624,38639265,42827947
1560395174027337548,38645707,42834364
1560395174127577150,38652031,42840729
1560395174227931857,38658379,42847108
1560395174328202703,38664797,42853505
1560395174428487011,38671156,42859817
1560395174528760289,38677529,42866196
1560395174629032059,38683972,42872634
1560395174729195811,38690243,42878999
1560395174829673423,38696643,42885374
1560395174929910483,38703230,42891972
1560395175030185057,38709582,42898319
1560395175130421043,38715970,42904657
1560395175230612302,38722358,42911041
1560395175330817044,38728648,42917373
1560395175431014987,38735003,42923760
1560395175531201240,38741359,42930106
1560395175631422909,38747724,42936429
1560395175731627237,38754075,42942756
1560395175831861958,38760407,42949120
1560395175932072926,38766761,42955485
1560395176032253990,38773110,42961833
1560395176132579118,38779453,42968165
1560395176232796194,38785775,42974450
1560395176332970276,38792137,42980794
1560395176433169988,38798492,42987170
1560395176533299290,38804858,42993578
1560395176633620594,38811206,42999931
1560395176733830937,38817617,43006331
1560395176834053372,38824006,43012654
1560395176934239744,38830361,43019044
1560395177034434162,38836757,43025404
1560395177134582241,38843143,43031776
1560395177234881410,38849497,43038179
1560395177335036105,38855950,43044652
1560395177435222676,38862237,43050984
1560395177535390123,38868603,43057346
1560395177635597455,38874984,43063732
1560395177735791311,38881416,43070077
1560395177836021906,38887706,43076348
1560395177936244214,38894114,43082686
1560395178036432299,38900458,43089055
1560395178136601232,38906834,43095474
1560395178236821781,38913216,43101868
1560395178337030411,38919584,43108179
1560395178437246596,38925923,43114484
1560395178537495834,38932288,43120888
1560395178637675952,38938715,43127314
1560395178737868438,38945060,43133661
1560395178838030800,38951346,43139959
1560395178938242621,38957658,43146344
1560395179038482005,38964249,43152912
1560395179138701256,38970405,43159270
1560395179238914147,38976967,43165677
1560395179339072624,38983334,43172024
1560395179439292596,38989684,43178395
1560395179539517725,38996005,43184703
1560395179639733817,39002333,43191055
1560395179739965963,39008697,43197403
1560395179840196021,39015131,43203794
1560395179940373590,39021459,43210139
1560395180040593679,39027802,43216533
1560395180140759810,39034152,43222866
1560395180241011607,39040485,43229221
1560395180341242450,39046869,43235596
1560395180441495818,39053247,43241958
1560395180541678850,39059583,43248331
1560395180641857981,39066001,43254706
1560395180742173847,39072311,43261009
1560395180842548467,39078696,43267329
1560395180942919671,39085096,43273729
1560395181043186471,39091492,43280139
1560395181143581144,39097818,43286511
1560395181243893528,39104194,43292855
1560395181344060376,39110586,43299261
1560395181444281071,39116953,43305613
1560395181544451847,39123316,43311994
1560395181644692350,39129683,43318423
1560395181744901170,39136028,43324771
1560395181845128985,39142415,43331096
1560395181945341225,39148765,43337418
1560395182045557948,39155187,43343854
1560395182145731030,39161528,43350216
1560395182245923330,39167911,43356603
1560395182346099469,39174266,43362918
1560395182446385255,39180664,43369325
1560395182546641900,39186995,43375626
1560395182646889144,39193362,43381977
1560395182747048820,39199687,43388377
1560395182847288447,39206257,43394952
1560395182947520085,39212602,43401346
1560395183047716309,39218967,43407682
1560395183147908059,39225346,43414034
1560395183248089883,39231726,43420375
1560395183348302235,39238063,43426730
1560395183448584186,39244415,43433085
1560395183548772593,39250766,43439477
1560395183648976045,39257135,43445868
1560395183749190179,39263448,43452195
1560395183849400975,39269767,43458585
1560395183949619274,39276157,43464940
1560395184049800266,39282551,43471262
1560395184150002932,39288843,43477511
1560395184250269364,39295231,43483872
1560395184350463814,39301602,43490250
1560395184450612178,39308024,43496742
1560395184550777019,39314370,43503077
1560395184650920038,39320736,43509379
1560395184751095298,39327069,43515716
1560395184851285564,39333434,43522084
1560395184951462067,39339858,43528542
1560395185051659920,39346186,43534852
1560395185151838325,39352494,43541212
1560395185252069420,39358842,43547571
1560395185352222348,39365255,43553952
1560395185452543620,39371614,43560323
1560395185552788207,39377969,43566709
1560395185653023467,39384364,43573073
1560395185753228440,39390758,43579465
1560395185853460297,39397078,43585814
1560395185953693175,39403437,43592164
1560395186053885200,39409774,43598500
1560395186154078781,39416240,43604900
1560395186254234213,39422600,43611300
1560395186354460706,39428990,43617696
1560395186454681805,39435350,43624065
1560395186554938953,39441702,43630412
1560395186655130449,39448096,43636826
1560395186755320201,39454457,43643197
1560395186855583792,39460808,43649561
1560395186955822340,39467152,43655907
1560395187056009383,39473730,43662444
1560395187156254517,39480054,43668799
1560395187256611489,39486416,43675170
1560395187356882472,39492784,43681564
1560395187457088124,39499081,43687884
1560395187557476092,39505454,43694231
1560395187657770110,39511876,43700602
1560395187758116137,39518206,43706931
1560395187858333020,39524556,43713271
1560395187958653703,39530903,43719642
1560395188058952690,39537260,43725995
1560395188159311718,39543669,43732281
1560395188259514812,39550058,43738677
1560395188359746462,39556412,43745032
1560395188459986550,39562782,43751442
1560395188560208376,39569096,43757780
1560395188660416415,39575503,43764190
1560395188760596839,39581814,43770515
1560395188860833332,39588157,43776861
1560395188961017326,39594533,43783211
1560395189061291751,39600947,43789632
1560395189161452790,39607289,43796022
1560395189261634778,39613668,43802376
1560395189361852354,39620034,43808743
1560395189462047326,39626483,43815144
1560395189562235376,39632799,43821494
1560395189662484106,39639168,43827832
1560395189762631136,39645550,43834223
1560395189862857722,39651977,43840679
1560395189963040755,39658287,43847025
1560395190063172858,39664664,43853392
1560395190163477054,39670994,43859760
1560395190263618535,39677373,43866146
1560395190363761237,39683776,43872485
1560395190463966259,39690012,43878751
1560395190564145435,39696435,43885108
1560395190664421381,39702814,43891532
1560395190764678619,39709362,43898148
1560395190864900755,39715745,43904482
1560395190965093248,39722080,43910753
1560395191065280064,39728414,43917108
1560395191165509247,39734855,43923533
1560395191265750441,39741222,43929878
1560395191365982976,39747550,43936235
1560395191466200653,39753852,43942533
1560395191566391546,39760179,43948891
1560395191666603554,39766562,43955226
1560395191766776112,39772916,43961597
1560395191867043362,39779238,43967964
1560395191967215331,39785618,43974342
1560395192067420690,39791959,43980662
1560395192167594569,39798302,43987011
1560395192267806606,39804670,43993382
1560395192368026019,39811034,43999737
1560395192468233141,39817410,44006139
1560395192568496629,39823817,44012534
1560395192668700624,39830155,44018921
1560395192768887596,39836593,44025312
1560395192869158409,39842881,44031625
1560395192969386984,39849235,44037986
1560395193069588988,39855621,44044371
1560395193169893514,39862029,44050782
1560395193270097477,39868332,44057088
1560395193370319152,39874738,44063434
1560395193470528768,39881083,44069747
1560395193570768345,39887530,44076218
1560395193670956303,39893858,44082536
1560395193771113587,39900211,44088913
1560395193871364867,39906614,44095272
1560395193971600519,39913063,44101700
1560395194071767159,39919374,44108045
1560395194171899329,39925753,44114443
1560395194272152327,39932083,44120810
1560395194486029055,39945729,44134411
1560395194586337475,39950692,44140793
1560395194686572375,39953905,44147207
1560395194786835231,39956914,44153488
1560395194887003878,39960129,44159853
1560395194987180590,39963351,44166262
1560395195087338867,39966491,44172507
1560395195187544630,39969623,44178889
1560395195287752074,39972825,44185239
1560395195388030037,39976013,44191630
1560395195488260566,39979171,44198090
1560395195588513515,39982383,44204438
1560395195688673762,39985573,44210793
1560395195788907428,39988713,44217159
1560395195889206549,39991957,44223557
1560395195989603432,39995152,44229889
1560395196089983703,39998299,44236285
1560395196190440868,40001505,44242711
1560395196290777221,40004677,44249076
1560395196391130410,40007897,44255506
1560395196491367838,40011076,44261871
1560395196591649122,40014300,44268215
1560395196691904050,40017477,44274561
1560395196792336729,40020637,44280839
1560395196892749237,40023882,44287259
1560395196993071421,40027140,44293905
1560395197093522675,40030328,44300291
1560395197193842848,40033523,44306631
1560395197294061608,40036663,44312889
1560395197394301483,40039846,44319256
1560395197494476829,40043052,44325647
1560395197594739571,40046222,44331972
1560395197694915796,40049379,44338344
1560395197795253504,40052553,44344665
1560395197895408239,40055776,44351051
1560395197995620974,40058896,44357387
1560395198095801622,40062094,44363772
1560395198196044758,40065290,44370179
1560395198296228115,40068432,44376606
1560395198396436585,40071641,44382907
1560395198496565119,40074867,44389278
1560395198596724122,40078027,44395646
1560395198696900515,40081208,44401996
1560395198797071499,40084385,44408391
1560395198897358849,40087554,44414814
1560395198997608663,40090715,44421149
1560395199097817406,40093935,44427490
1560395199198054282,40097109,44433892
1560395199298246607,40100296,44440232
1560395199398419369,40103526,44446637
1560395199498608699,40106701,44452966
1560395199598816713,40109893,44459334
1560395199699027143,40113085,44465665
1560395199913038589,40119957,44479411
1560395200013262524,40124527,44485743
1560395200113429890,40130829,44492053
1560395200213711275,40137406,44498550
1560395200313867261,40143716,44504859
1560395200414088503,40150002,44511197
1560395200514314891,40156336,44517548
1560395200614501549,40162746,44523944
1560395200714671990,40169077,44530252
1560395200814855850,40175480,44536561
1560395200915038599,40181864,44542943
1560395201015258625,40188304,44549377
1560395201115456038,40194620,44555722
1560395201215686002,40200944,44562071
1560395201315890028,40207293,44568430
1560395201416082625,40213729,44574797
1560395201516324344,40220062,44581131
1560395201616554980,40226464,44587521
1560395201716739555,40232817,44593903
1560395201816967380,40239187,44600322
1560395201917150695,40245562,44606707
1560395202017463470,40251900,44613015
1560395202117620032,40258249,44619369
1560395202217783870,40264660,44625786
1560395202318010978,40270971,44632136
1560395202418214363,40277356,44638558
1560395202518410123,40283761,44644937
1560395202618658463,40290073,44651285
1560395202718925712,40296507,44657707
1560395202819057891,40302825,44664066
1560395202919384573,40309220,44670369
1560395203019577616,40315604,44676687
1560395203119762063,40322020,44683076
1560395203219943545,40328353,44689438
1560395203320094828,40334711,44695871
1560395203420291600,40341058,44702209
1560395203520608188,40347634,44708726
1560395203620812818,40353805,44715019
1560395203721046027,40360307,44721404
1560395203821395424,40366698,44727789
1560395203921645281,40373066,44734155
1560395204021832666,40379355,44740468
1560395204122139969,40385717,44746805
1560395204222377182,40392095,44753159
1560395204322620381,40398412,44759496
1560395204422829472,40404772,44765874
1560395204523034374,40411117,44772227
1560395204623218024,40417484,44778599
1560395204723430737,40423860,44784945
1560395204823631617,40430237,44791334
1560395204923829260,40436640,44797695
1560395205024058489,40443030,44804090
1560395205124223022,40449360,44810458
1560395205224520680,40455764,44816855
1560395205324686152,40462079,44823184
1560395205424915851,40468475,44829584
1560395205525146918,40474823,44835942
1560395205625355399,40481192,44842308
1560395205725556919,40487550,44848705
1560395205825729375,40493956,44855083
1560395205925995832,40500271,44861412
1560395206026214459,40506666,44867768
1560395206126414460,40513034,44874132
1560395206226631689,40519454,44880561
1560395206326945561,40525794,44886929
1560395206427128064,40532161,44893284
1560395206527398678,40538575,44899651
1560395206627658896,40544972,44906076
1560395206727905377,40551230,44912427
1560395206828195576,40557537,44918792
1560395206928353179,40564012,44925239
1560395207028530204,40570337,44931543
1560395207128702703,40576702,44937839
1560395207228877571,40583087,44944224
1560395207329052685,40589435,44950607
1560395207429262099,40595787,44957144
1560395207529398187,40602137,44963508
1560395207629576444,40608661,44969814
1560395207729721823,40615074,44976169
1560395207829840949,40621456,44982527
1560395207930046440,40627799,44988917
1560395208030288050,40634149,44995293
1560395208130479874,40640477,45001698
1560395208230692542,40646821,45008031
1560395208330950385,40653177,45014360
1560395208431175081,40659492,45020694
1560395208531349162,40665864,45027020
1560395208631525428,40672193,45033377
1560395208731796506,40678622,45039788
1560395208832008299,40684969,45046154
1560395208932205180,40691302,45052467
1560395209032418339,40697656,45058866
1560395209132639967,40704105,45065298
1560395209232837371,40710428,45071581
1560395209333033190,40716838,45077897
1560395209433213928,40723198,45084242
1560395209533358836,40729554,45090653
1560395209633648880,40735935,45097087
1560395209733858625,40742318,45103481
1560395209834154619,40748651,45109739
1560395209934421406,40755029,45116108
1560395210034644870,40761440,45122519
1560395210134891823,40767793,45128901
1560395210235101892,40774164,45135241
1560395210335329526,40780550,45141655
1560395210435549542,40786908,45147990
1560395210535814436,40793268,45154339
1560395210649783757,40806682,45167751
1560395210750033702,40807012,45168083
1560395210850255343,40813364,45174444
1560395210950412859,40819699,45180762
1560395211050682692,40826065,45187118
1560395211150893223,40832438,45193496
1560395211251076150,40838776,45199798
1560395211351260517,40845103,45206186
1560395211451556270,40851514,45212598
1560395211551718065,40857863,45218993
1560395211651907820,40864268,45225387
1560395211752162965,40870553,45231701
1560395211966132320,40884201,45245302
1560395212066307633,40889141,45251665
1560395212166503979,40892366,45257968
1560395212266752376,40895458,45264287
1560395212366978920,40898691,45270684
1560395212467140712,40901856,45277053
1560395212567334880,40905063,45283437
1560395212667630128,40908325,45289985
1560395212767875234,40911417,45296325
1560395212868058931,40914697,45302714
1560395212968325153,40917879,45309054
1560395213068536535,40921055,45315456
1560395213168847324,40924213,45321797
1560395213269080414,40927377,45328154
1560395213369223897,40930533,45334456
1560395213469537980,40933735,45340804
1560395213569859509,40936938,45347183
1560395213670153406,40940079,45353541
1560395213770351657,40943330,45359941
1560395213870617035,40946462,45366283
1560395213970806115,40949558,45372576
1560395214071196754,40952791,45378982
1560395214171436292,40955902,45385336
1560395214271646677,40959107,45391747
1560395214371823711,40962308,45398145
1560395214472027785,40965502,45404523
1560395214572283763,40968670,45410869
1560395214672576265,40971838,45417180
1560395214772821615,40975047,45423579
1560395214873150388,40978214,45429907
1560395214973349038,40981413,45436323
1560395215073546557,40984615,45442740
1560395215173782928,40987792,45449105
1560395215273942931,40990940,45455470
1560395215374149621,40994166,45461881
1560395215474369901,40997285,45468165
1560395215574683378,41000481,45474532
1560395215674858674,41003667,45480843
1560395215775041608,41006853,45487235
1560395215875231163,41010036,45493666
1560395215975416230,41013292,45500075
1560395216075641306,41016481,45506447
1560395216175826534,41019606,45512750
1560395216275991159,41022848,45519123
1560395216376128010,41026125,45525740
1560395216476358454,41029175,45532028
1560395216576463123,41032466,45538429
1560395216676631173,41035639,45544776
1560395216776796327,41038788,45551121
1560395216876962887,41041979,45557454
1560395216977154082,41045143,45563824
1560395217077294214,41048303,45570187
1560395217177459818,41051476,45576548
1560395217277651433,41054645,45582881
1560395217377813239,41057839,45589234
1560395217477953342,41060992,45595579
1560395217578125233,41064199,45601922
1560395217678311773,41067355,45608283
1560395217778540724,41070518,45614642
1560395217878773250,41073745,45621016
1560395217978939320,41076892,45627324
1560395218079179063,41080047,45633693
1560395218179414180,41083259,45640003
1560395218393426088,41090049,45653660
1560395218493621558,41094608,45659964
1560395218593817052,41100936,45666343
1560395218693958675,41107473,45672801
1560395218794171255,41113806,45679169
1560395218894433436,41120162,45685554
1560395218994658213,41126525,45691891
1560395219094875056,41133003,45698392
1560395219195034683,41139076,45704412
1560395219295261906,41145686,45711012
1560395219395433511,41152007,45717500
1560395219495653972,41158490,45723902
1560395219595854340,41164856,45730215
1560395219696092989,41171150,45736504
1560395219796347266,41177602,45742972
1560395219896566450,41183888,45749247
1560395219996792502,41190307,45755695
1560395220096966138,41196715,45762057
1560395220197197566,41203051,45768399
1560395220297417258,41209362,45774690
1560395220397637137,41215755,45781038
1560395220497783977,41222192,45787438
1560395220598127245,41228717,45793846
1560395220698342419,41234931,45800192
1560395220798482838,41241036,45806555
1560395220898678862,41247600,45812941
1560395220998866600,41254004,45819277
1560395221099090551,41260288,45825570
1560395221199283662,41266707,45832075
1560395221299481489,41273087,45838593
1560395221399642903,41279467,45844723
1560395221499833808,41285792,45850865
1560395221600053317,41292156,45857402
1560395221700268041,41298509,45863829
1560395221800550131,41304907,45870177
1560395221900785375,41311232,45876499
1560395222001207898,41317632,45882847
1560395222101610112,41324026,45889260
1560395222202138054,41330407,45895751
1560395222302389707,41336821,45902114
1560395222402918233,41343247,45908497
1560395222503183585,41349532,45914799
1560395222603356138,41355917,45921218
1560395222703596644,41362274,45927599
1560395222803809619,41368613,45933951
1560395222904046129,41374979,45940275
1560395223004270267,41381578,45946860
1560395223104464839,41387735,45953203
1560395223204643349,41394285,45959566
1560395223304822574,41400617,45965968
1560395223405057609,41407004,45972321
1560395223505264216,41413357,45978677
1560395223605575652,41419700,45985019
1560395223705776779,41426097,45991415
1560395223806074444,41432385,45997672
1560395223906286572,41438742,46004041
1560395224006516061,41445097,46010414
1560395224106729583,41451422,46016778
1560395224206959786,41457770,46023123
1560395224307166503,41464154,46029435
1560395224407379497,41470533,46035838
1560395224507573033,41476936,46042204
1560395224607782805,41483275,46048590
1560395224708028315,41489640,46054962
1560395224808187666,41495996,46061297
1560395224908460030,41502346,46067651
1560395225008707361,41508709,46074045
1560395225108971740,41515123,46080419
1560395225209179225,41521454,46086776
1560395225309429531,41527851,46093175
1560395225409598735,41534182,46099526
1560395225509798199,41540546,46105899
1560395225610045636,41546940,46112263
1560395225710282381,41553362,46118698
1560395225810488617,41559649,46125014
1560395225910681852,41566054,46131354
1560395226010872433,41572413,46137690
1560395226111070632,41578816,46144117
1560395226211357585,41585157,46150484
1560395226311559142,41591544,46156867
1560395226411816281,41597900,46163206
1560395226512030434,41604306,46169565
1560395226612229700,41610632,46175909
1560395226712498865,41617006,46182251
1560395226812702912,41623398,46188644
1560395226912969464,41629974,46195258
1560395227013216741,41636149,46201584
1560395227113425786,41642679,46207956
1560395227213651378,41649017,46214296
1560395227313855678,41655362,46220613
1560395227414085357,41661678,46226935
1560395227514282911,41668019,46233322
1560395227614473825,41674391,46239701
1560395227714677866,41680776,46246127
1560395227814859891,41687092,46252444
1560395227915187857,41693443,46258820
1560395228015381049,41699797,46265194
1560395228115685362,41706230,46271507
1560395228215884480,41712545,46277778
1560395228316066654,41718955,46284139
1560395228416286927,41725346,46290537
1560395228630396579,41738960,46304244
1560395228730671662,41743986,46310561
1560395228830896263,41747115,46316929
1560395228931083075,41750091,46323255
1560395229031309955,41753355,46329723
1560395229131524882,41756526,46336087
1560395229231769683,41759616,46342369
1560395229332027289,41762894,46348763
1560395229432207775,41766089,46355287
1560395229532440578,41769285,46361676
1560395229632672531,41772503,46368045
1560395229733078304,41775729,46374415
1560395229833339183,41778829,46380716
1560395229933723201,41782040,46387077
1560395230034016511,41785250,46393458
1560395230134179939,41788367,46399750
1560395230234351875,41791574,46406135
1560395230334529303,41794736,46412495
1560395230434663410,41797934,46418910
1560395230535208155,41801093,46425259
1560395230635392195,41804283,46431579
1560395230735608942,41807489,46437997
1560395230835786942,41810668,46444344
1560395230935929765,41813932,46450721
1560395231036070649,41817091,46457046
1560395231136235301,41820284,46463365
1560395231236474307,41823523,46469742
1560395231336656161,41826677,46476137
1560395231436885937,41829865,46482507
1560395231537106806,41833064,46488878
1560395231637326720,41836259,46495277
1560395231737555518,41839416,46501629
1560395231837760308,41842593,46508004
1560395231937992473,41845758,46514356
1560395232038323082,41848934,46520789
1560395232138516264,41852093,46527106
1560395232238720766,41855295,46533414
1560395232338925551,41858444,46539771
1560395232439232638,41861681,46546230
1560395232539468046,41864877,46552616
1560395232639697182,41868039,46558989
1560395232739906519,41871262,46565395
1560395232840091616,41874451,46571701
1560395232940321245,41877618,46578055
1560395233040509166,41880800,46584408
1560395233140741334,41883999,46590763
1560395233240934474,41887154,46597307
1560395233341155214,41890395,46603692
1560395233441306851,41893580,46609986
1560395233541507068,41896741,46616373
1560395233641756980,41899909,46622721
1560395233741953455,41903104,46629053
1560395233842129212,41906303,46635447
1560395233942342907,41909481,46641843
1560395234042541700,41912720,46648232
1560395234142753628,41915866,46654552
1560395234242968010,41919047,46660944
1560395234343185889,41922211,46667259
1560395234443381185,41925394,46673553
1560395234543550070,41928536,46679836
1560395234643787517,41931728,46686225
1560395234744004979,41934937,46692623
1560395234844135708,41938147,46699103
1560395234944321624,41941282,46705382
1560395235044519591,41944503,46711703
1560395235144737724,41947648,46718078
1560395235244991709,41950818,46724451
1560395235345186047,41954062,46730889
1560395235445381546,41957163,46737205
1560395235545593077,41960374,46743593
1560395235645841636,41963552,46749907
1560395235859779149,41970350,46763546
1560395235959976226,41974908,46770060
1560395236060192357,41981397,46776444
1560395236160365676,41987961,46782914
1560395236260530738,41994254,46789210
1560395236360697142,42000654,46795603
1560395236460963995,42006986,46801910
1560395236561154427,42013362,46808304
1560395236661378659,42019701,46814671
1560395236761584343,42026088,46821035
1560395236861791754,42032414,46827359
1560395236962006708,42038754,46833695
1560395237062197793,42045122,46840054
1560395237162460164,42051454,46846445
1560395237262659731,42057840,46852796
1560395237362883340,42064201,46859124
1560395237463093317,42070538,46865463
1560395237563295830,42076934,46871828
1560395237663629027,42083321,46878243
1560395237763793643,42089653,46884584
1560395237864011299,42096037,46890933
1560395237964217497,42102450,46897351
1560395238064558258,42108773,46903699
1560395238164804124,42115186,46910056
1560395238265070771,42121557,46916468
1560395238365527542,42127946,46922885
1560395238465984136,42134304,46929198
1560395238566233537,42140740,46935597
1560395238666458968,42147069,46941946
1560395238766626135,42153370,46948317
1560395238866802125,42159705,46954687
1560395238966967864,42166125,46961083
1560395239067284796,42172492,46967460
1560395239167517130,42178865,46973796
1560395239267692474,42185284,46980167
1560395239367921844,42191629,46986529
1560395239468114872,42197995,46992929
1560395239568365674,42204323,46999284
1560395239668523886,42210669,47005656
1560395239768667478,42217226,47012194
1560395239868839994,42223405,47018508
1560395239968981090,42229927,47024865
1560395240069163399,42236302,47031222
1560395240169346401,42242644,47037601
1560395240269541926,42248981,47043984
1560395240369718872,42255347,47050339
1560395240470041659,42261708,47056720
1560395240570249166,42268058,47063088
1560395240670451824,42274456,47069407
1560395240770588017,42280796,47075705
1560395240870751863,42287132,47082000
1560395240970930287,42293497,47088416
1560395241071222326,42299802,47094800
1560395241171365516,42306204,47101208
1560395241271492035,42312601,47107526
1560395241371641000,42318941,47113847
1560395241471837103,42325304,47120188
1560395241571977697,42331709,47126651
1560395241672272606,42338011,47132983
1560395241772474485,42344413,47139351
1560395241872699051,42350752,47145725
1560395241972958274,42357134,47152085
1560395242073191027,42363476,47158444
1560395242173355506,42369822,47164794
1560395242273671838,42376210,47171170
1560395242373842289,42382605,47177565
1560395242474006393,42388937,47183914
1560395242574270094,42395338,47190256
1560395242674433412,42401682,47196603
1560395242774632231,42408052,47202972
1560395242874813044,42414444,47209347
1560395242975039448,42420814,47215744
1560395243075230024,42427171,47222089
1560395243175392965,42433530,47228454
1560395243275597237,42439864,47234798
1560395243375850813,42446295,47241197
1560395243476025687,42452653,47247564
1560395243576179456,42459000,47253913
1560395243676387901,42465407,47260274
1560395243776567626,42471755,47266628
1560395243876785912,42478133,47273016
1560395243977102178,42484487,47279376
1560395244077329063,42491004,47285959
1560395244177539830,42497194,47292251
1560395244277736676,42503774,47298672
1560395244377899043,42510114,47305030
1560395244478122521,42516536,47311417
1560395244578318636,42522856,47317760
1560395244678490059,42529196,47324114
1560395244778700887,42535578,47330423
1560395244878896086,42541960,47336762
1560395244979114108,42548256,47343123
1560395245079414090,42554541,47349441
1560395245179764410,42560895,47355873
1560395245280039567,42567302,47362246
1560395245380305834,42573644,47368572
1560395245480669708,42580000,47374905
1560395245581067799,42586449,47381315
1560395245681278165,42592790,47387682
1560395245781638095,42599131,47394087
1560395245881857427,42605531,47400515
1560395245982092770,42611902,47406886
1560395246082284200,42618256,47413213
1560395246182535485,42624678,47419608
1560395246282760491,42630974,47425947
1560395246382986147,42637383,47432323
1560395246483184250,42643742,47438729
1560395246583368731,42650126,47445169
1560395246683500008,42656461,47451501
1560395246783703646,42662858,47457901
1560395246883883888,42669191,47464254
1560395246984066131,42675570,47470536
1560395247084265608,42681963,47476867
1560395247184484551,42688282,47483168
1560395247284626939,42694663,47489534
1560395247384883357,42700985,47495962
1560395247485097461,42707358,47502327
1560395247585323736,42713766,47508696
1560395247685578266,42720134,47515047
1560395247785788193,42726492,47521415
1560395247886009407,42733075,47528061
1560395247986184480,42739256,47534380
1560395248086366008,42745801,47540706
1560395248186603509,42752171,47547095
1560395248286820341,42758506,47553433
1560395248387051448,42764884,47559786
1560395248487274284,42771245,47566182
1560395248587445684,42777560,47572520
1560395248687708556,42783920,47578884
1560395248902115837,42797451,47592373
1560395249002290769,42802467,47598734
1560395249102485952,42805640,47605101
1560395249202684679,42808657,47611377
1560395249302921238,42811939,47617839
1560395249403145582,42815125,47624217
1560395249503333591,42818293,47630558
1560395249603737471,42821512,47636955
1560395249703951502,42824673,47643307
1560395249804126412,42827863,47649700
1560395249904395769,42831053,47656094
1560395250004657925,42834219,47662390
1560395250104854208,42837403,47668780
1560395250205085296,42840590,47675175
1560395250305298783,42843882,47681742
1560395250405459333,42846975,47688085
1560395250505661432,42850231,47694445
1560395250605790748,42853418,47700811
1560395250706086306,42856618,47707208
1560395250806270514,42859695,47713540
1560395250906477380,42862925,47719927
1560395251006669453,42866101,47726287
1560395251106891533,42869221,47732543
1560395251207131271,42872438,47738899
1560395251307294018,42875638,47745252
1560395251407491449,42878796,47751635
1560395251507672238,42881993,47757986
1560395251607904154,42885168,47764342
1560395251708075504,42888312,47770696
1560395251808261312,42891488,47777025
1560395251908504155,42894670,47783393
1560395252008668000,42897874,47789787
1560395252108976388,42901037,47796195
1560395252209185910,42904258,47802582
1560395252309403778,42907418,47808940
1560395252409678422,42910622,47815318
1560395252509871593,42913823,47821647
1560395252610053563,42916999,47827981
1560395252710263688,42920165,47834362
1560395252810499800,42923388,47840791
1560395252910714611,42926579,47847151
1560395253010902771,42929703,47853483
1560395253111061292,42932930,47859854
1560395253211256494,42936172,47866314
1560395253311815365,42939303,47872556
1560395253412244432,42942516,47878886
1560395253512536947,42945687,47885291
1560395253612910110,42948807,47891691
1560395255016317185,42993477,47980930
