1560395052542220895,5.35,0.06
1560395052642436205,5.35,0
1560395052742721349,5.35,-0.01
1560395052842900358,5.35,0
1560395052943065587,5.35,0.02
1560395053043286781,5.35,-0.03
1560395053143493561,5.35,0.01
1560395053243657939,5.35,-0.05
1560395053343857194,5.35,0.05
1560395053443997758,5.35,0
1560395053544157884,5.35,0.01
1560395053644371005,5.35,-0.01
1560395053744621114,5.35,0
1560395053844798012,5.35,-0.02
1560395053945031522,5.35,-0.02
1560395054045235242,5.35,0.02
1560395054145410986,5.35,-0.01
1560395054245632613,5.35,-0.02
1560395054345834431,5.35,-0.02
1560395054446075137,5.35,0.05
1560395054546256899,5.35,-0.02
1560395054646411054,5.35,-0.02
1560395054746576426,5.34,-0.06
1560395054846720679,5.34,0.06
1560395054946937735,5.35,0.05
1560395055047079012,5.35,-0.01
1560395055147233998,5.35,0.01
1560395055247487568,5.35,0
1560395055347738432,5.35,-0.03
1560395055448065139,5.35,0.03
1560395055548427869,5.35,0.02
1560395055648725884,5.35,0
1560395055749054968,5.35,-0.04
1560395055849285961,5.35,-0.03
1560395055949481404,5.35,-0.01
1560395056049802119,5.35,0.04
1560395056150024454,5.35,-0.02
1560395056250214380,5.35,0.03
1560395056350392046,5.35,-0.01
1560395056450645563,5.35,-0.02
1560395056550800988,5.35,-0.01
1560395056650950409,5.34,-0.06
1560395056751116462,5.34,-0.01
1560395056851307327,5.34,-0.01
1560395056951489301,5.34,0.03
1560395057051651991,5.34,0.01
1560395057151854890,5.35,0.03
1560395057252112837,5.35,-0.01
1560395057352354605,5.35,0.01
1560395057452561108,5.34,-0.04
1560395057552716333,5.34,0.05
1560395057652958752,5.34,-0.06
1560395057753137795,5.34,0.04
1560395057853337208,5.35,0.02
1560395057953497322,5.35,-0.01
1560395058053684571,5.35,0
1560395058153824796,5.35,0
1560395058254013994,5.35,0.05
1560395058354222032,5.35,-0.02
1560395058454434822,5.34,-0.06
1560395058554592011,5.34,0.04
1560395058654747523,5.35,0.01
1560395058754942623,5.35,-0.02
1560395058855127859,5.34,0
1560395058955301121,5.34,-0.01
1560395059055460509,5.35,0.06
1560395059155647164,5.35,0.02
1560395059255787784,5.35,0
1560395059355988384,5.35,-0.03
1560395059456166092,5.35,0.01
1560395059556365627,5.35,0.02
1560395059656558321,5.35,0
1560395059756695985,5.35,-0.07
1560395059856809191,5.35,0.02
1560395059956981414,5.35,-0.03
1560395060057242847,5.35,0.04
1560395060157507538,5.35,0
1560395060257704988,5.35,0.05
1560395060357891382,5.35,-0.05
1560395060458168058,5.35,0.01
1560395060558351426,5.35,-0.05
1560395060658527088,5.35,0.02
1560395060758731832,5.34,-0.04
1560395060858930725,5.34,0.02
1560395060959094320,5.34,0.01
1560395061059256243,5.34,0
1560395061159376146,5.34,-0.03
1560395061259583395,5.34,0.03
1560395061359776439,5.35,0.03
1560395061459973695,5.35,0.02
1560395061560146700,5.35,0.02
1560395061660292727,5.35,0.01
1560395061760469927,5.35,-0.01
1560395061860649343,5.35,-0.03
1560395061960812987,5.35,-0.02
1560395062060951664,5.35,0
1560395062161138124,5.35,0.05
1560395062261354571,5.35,0.05
1560395062361548621,5.35,-0.03
1560395062461772977,5.35,0.01
1560395062561961534,5.35,-0.04
1560395062662198131,5.35,-0.02
1560395062762394009,5.35,-0.03
1560395062862560328,5.35,-0.03
1560395062962711226,5.34,-0.04
1560395063062869848,5.34,0.06
1560395063163031178,5.35,0.07
1560395063263227270,5.35,0.01
1560395063363501182,5.35,0
1560395063463826392,5.35,0.02
1560395063564115559,5.35,-0.04
1560395063664325077,5.35,-0.05
1560395063764556565,5.35,0
1560395063864751822,5.35,0.03
1560395063965148484,5.35,-0.02
1560395064065412308,5.35,-0.01
1560395064165600673,5.34,-0.05
1560395064265804509,5.34,0.04
1560395064366008229,5.35,-0.01
1560395064466168315,5.35,0.05
1560395064566316996,5.35,0.04
1560395064666503395,5.35,-0.05
1560395064766696682,5.35,-0.06
1560395064866898604,5.35,0.04
1560395064967113041,5.35,-0.01
1560395065067331951,5.35,0.01
1560395065167479050,5.34,-0.03
1560395065267616090,5.34,-0.01
1560395065367759901,5.34,0.04
1560395065467988893,5.34,-0.03
1560395065568216351,5.35,0.04
1560395065668437007,5.35,0.02
1560395065768636566,5.35,-0.05
1560395065868763185,5.34,-0.02
1560395065968971996,5.34,0.02
1560395066069148283,5.34,-0.01
1560395066169341685,5.34,0.03
1560395066269521927,5.35,-0.02
1560395066369708601,5.34,0.01
1560395066469837207,5.34,-0.02
1560395066570036153,5.35,0.06
1560395066670162594,5.35,0.01
1560395066770349351,5.35,-0.03
1560395066870472602,5.35,-0.01
1560395066970612556,5.35,0.03
1560395067070728048,5.35,-0.05
1560395067170864573,5.34,0
1560395067271051891,5.34,-0.02
1560395067371246207,5.34,-0.01
1560395067471443353,5.34,0.01
1560395067571649677,5.34,0.02
1560395067671813556,5.34,0.01
1560395067771971060,5.35,0.01
1560395067872089748,5.34,-0.03
1560395067972255518,5.34,-0.04
1560395068072473491,5.34,0.02
1560395068172683131,5.34,0
1560395068272886794,5.34,0
1560395068373073006,5.34,0.04
1560395068473267016,5.35,0.03
1560395068573428061,5.35,0.01
1560395068673626958,5.35,0.07
1560395068773863303,5.35,-0.02
1560395068874054257,5.35,0
1560395068974202077,5.35,-0.02
1560395069074367033,5.35,0.01
1560395069174538045,5.35,0
1560395069274654461,5.35,0.04
1560395069374794676,5.35,-0.04
1560395069474984096,5.35,0.01
1560395069575194742,5.35,-0.06
1560395069675375410,5.35,-0.02
1560395069775582732,5.35,0.01
1560395069875759748,5.35,-0.01
1560395069975942594,5.35,0.01
1560395070076159141,5.35,-0.02
1560395070176370646,5.35,0
1560395070276483825,5.34,-0.04
1560395070376667695,5.34,0.02
1560395070476882683,5.34,0.01
1560395070577030843,5.35,0.04
1560395070677207567,5.35,0.02
1560395070777358734,5.35,-0.03
1560395070877503886,5.35,-0.02
1560395070977681345,5.34,-0.04
1560395071077877156,5.34,-0.02
1560395071178036894,5.34,0.03
1560395071278246645,5.35,0.05
1560395071378450190,5.35,0.02
1560395071478653296,5.35,-0.02
1560395071578971628,5.35,0.05
1560395071679212499,5.35,-0.01
1560395071779512769,5.35,0
1560395071879709339,5.35,0.01
1560395071979884151,5.35,-0.01
1560395072080183495,5.35,-0.04
1560395072180410205,5.35,0
1560395072280639093,5.35,-0.01
1560395072380798883,5.35,-0.01
1560395072481101816,5.35,-0.01
1560395072581408771,5.35,0.06
1560395072681629733,5.35,-0.02
1560395072782038606,5.35,-0.02
1560395072882237972,5.35,0.01
1560395072982434976,5.35,-0.02
1560395073082624601,5.35,-0.01
1560395073182774388,5.35,0.01
1560395073282948770,5.35,-0.02
1560395073383155658,5.34,0.01
1560395073483312743,5.35,0.01
1560395073583467906,5.35,0.01
1560395073683610304,5.35,-0.02
1560395073783738720,5.34,-0.05
1560395073883912544,5.34,0.03
1560395073984078090,5.34,0
1560395074084276259,5.34,0.02
1560395074184480330,5.35,0.04
1560395074284652063,5.35,-0.03
1560395074384866979,5.35,0.01
1560395074485034658,5.35,0.01
1560395074585217156,5.35,0
1560395074685426043,5.35,0.02
1560395074785609721,5.35,0
1560395074885795838,5.35,-0.02
1560395074985936403,5.35,0.04
1560395075086083654,5.35,-0.03
1560395075186245096,5.35,0
1560395075286440161,5.35,0.05
1560395075386696362,5.35,-0.03
1560395075486882667,5.35,0
1560395075587086303,5.35,-0.02
1560395075687231065,5.35,-0.03
1560395075787397894,5.35,0.02
1560395075887564495,5.35,-0.04
1560395075987735241,5.34,0.03
1560395076087855278,5.35,0.01
1560395076187982430,5.35,0.03
1560395076288092013,5.35,0.01
1560395076388263665,5.35,0
1560395076488440116,5.35,-0.03
1560395076588558945,5.35,0.02
1560395076688696811,5.35,-0.01
1560395076788819463,5.35,0.02
1560395076889016394,5.35,0.02
1560395076989254638,5.35,-0.01
1560395077089479344,5.35,-0.01
1560395077189631773,5.35,0
1560395077289804885,5.35,-0.02
1560395077389976913,5.35,-0.03
1560395077490171012,5.35,0
1560395077590331220,5.35,0
1560395077690503394,5.35,-0.02
1560395077790704462,5.34,-0.03
1560395077890890495,5.34,-0.05
1560395077991079486,5.34,0.04
1560395078091262318,5.34,-0.03
1560395078191454322,5.34,0.06
1560395078291710090,5.35,0.05
1560395078391920833,5.35,0.02
1560395078492149914,5.35,0
1560395078592350552,5.35,-0.04
1560395078692523151,5.35,-0.01
1560395078792720826,5.35,-0.02
1560395078892922379,5.34,-0.03
1560395078993137957,5.34,-0.02
1560395079093335779,5.35,0.09
1560395079193481232,5.35,-0.04
1560395079293657634,5.35,0.03
1560395079393857066,5.35,0.01
1560395079494170979,5.35,0.02
1560395079594590875,5.35,-0.02
1560395079694928626,5.35,0.05
1560395079795219608,5.35,-0.04
1560395079895445940,5.35,-0.01
1560395079995641521,5.35,0.01
1560395080096167889,5.35,0
1560395080196472087,5.35,-0.03
1560395080296635065,5.35,-0.03
1560395080396846313,5.34,-0.01
1560395080497032624,5.34,0.03
1560395080597260839,5.35,0.02
1560395080697446272,5.35,0.02
1560395080797650934,5.35,-0.01
1560395080897893556,5.35,-0.01
1560395080998093384,5.35,0.04
1560395081098323518,5.35,-0.03
1560395081198506074,5.35,0.02
1560395081298722472,5.35,0
1560395081398869978,5.35,-0.01
1560395081499122380,5.35,-0.02
1560395081599330117,5.35,0.01
1560395081699529620,5.35,-0.02
1560395081799674568,5.35,0
1560395081899866461,5.35,-0.04
1560395082000010974,5.35,0.08
1560395082100176579,5.35,-0.07
1560395082200354160,5.35,0.04
1560395082300470558,5.35,0.03
1560395082400661442,5.35,-0.02
1560395082500837400,5.35,-0.01
1560395082600976490,5.35,-0.01
1560395082701131742,5.35,-0.01
1560395082801346276,5.34,-0.02
1560395082901482417,5.34,0.02
1560395083001668278,5.34,-0.04
1560395083101832141,5.35,0.07
1560395083202021090,5.35,0.02
1560395083302175992,5.35,0.02
1560395083402353950,5.35,-0.05
1560395083502514212,5.35,0.05
1560395083602724381,5.35,-0.02
1560395083702932053,5.35,-0.03
1560395083803139796,5.35,-0.02
1560395083903347610,5.35,0.05
1560395084003584033,5.35,0
1560395084103832531,5.35,0
1560395084203979969,5.35,-0.01
1560395084304158952,5.35,0
1560395084404364604,5.35,0.01
1560395084504536611,5.35,0.01
1560395084604728341,5.35,0.02
1560395084704999749,5.35,-0.02
1560395084805182696,5.35,-0.01
1560395084905395980,5.35,0.01
1560395085005561064,5.35,-0.05
1560395085105742089,5.35,0.03
1560395085205946318,5.35,0.03
1560395085306093709,5.35,-0.03
1560395085406261277,5.35,0.04
1560395085506442844,5.35,-0.01
1560395085606602187,5.35,-0.03
1560395085706789350,5.35,-0.02
1560395085807018935,5.35,0
1560395085907262045,5.35,0.01
1560395086007419058,5.35,-0.02
1560395086107586377,5.35,-0.02
1560395086207888228,5.34,-0.02
1560395086308091899,5.34,-0.01
1560395086408287063,5.34,0.03
1560395086508483588,5.35,0.01
1560395086608719199,5.35,0.04
1560395086709007088,5.35,0.02
1560395086809401756,5.35,-0.01
1560395086909768937,5.35,-0.03
1560395087010078749,5.35,-0.02
1560395087110391464,5.34,-0.05
1560395087210727613,5.34,0
1560395087310976108,5.34,0.03
1560395087411187639,5.34,0.02
1560395087511348551,5.35,0.05
1560395087611513766,5.35,-0.03
1560395087711697372,5.35,0.05
1560395087811934473,5.35,0
1560395087912132121,5.35,0.01
1560395088012374600,5.35,-0.04
1560395088112547860,5.35,-0.02
1560395088212726275,5.35,0.04
1560395088312927184,5.35,-0.02
1560395088413091584,5.34,-0.03
1560395088513290906,5.34,0.02
1560395088613502043,5.35,0
1560395088713747228,5.35,0.04
1560395088813939737,5.35,-0.01
1560395088914116357,5.35,0.03
1560395089014378588,5.35,0
1560395089114600612,5.35,-0.03
1560395089214837590,5.35,0.02
1560395089315058554,5.35,0
1560395089415266216,5.35,-0.03
1560395089515493479,5.35,0.04
1560395089615687428,5.35,-0.01
1560395089715868277,5.35,0.03
1560395089816092888,5.35,-0.04
1560395089916318433,5.35,-0.01
1560395090016454609,5.35,-0.04
1560395090116627444,5.35,0.01
1560395090216799870,-50.15,-6.58
1560395090317003975,-50.22,-6.54
1560395090417228374,-50.28,-6.55
1560395090517412286,-50.35,-6.53
1560395090617599555,-50.41,-6.64
1560395090717776006,-50.48,-6.58
1560395090817983046,-50.54,-6.58
1560395090918142855,-50.61,-6.61
1560395091018351893,-50.68,-6.72
1560395091118546432,-50.74,-6.68
1560395091218717327,-50.81,-6.72
1560395091318957406,-50.88,-6.79
1560395091419110930,-50.95,-6.62
1560395091519298453,-51.01,-6.71
1560395091619495471,-51.08,-6.52
1560395091719639647,-51.14,-6.65
1560395091819823264,-51.21,-6.76
1560395091919951125,-51.28,-6.69
1560395092020133177,-51.35,-6.76
1560395092120256435,-51.41,-6.76
1560395092220455240,-51.48,-6.85
1560395092320602771,-51.55,-6.81
1560395092420819295,-51.62,-6.65
1560395092520967735,-51.68,-6.82
1560395092621156521,-51.75,-6.85
1560395092721304756,-51.82,-6.83
1560395092821460230,-51.89,-6.88
1560395092921684011,-51.96,-6.69
1560395093021840046,-52.03,-6.84
1560395093122114545,-52.09,-6.73
1560395093222310588,-52.16,-6.57
1560395093322495791,-52.23,-6.73
1560395093422628293,-52.29,-6.74
1560395093522816730,-52.36,-6.72
1560395093622980503,-52.43,-6.58
1560395093723114816,-52.49,-6.58
1560395093823245309,-52.56,-6.73
1560395093923457362,-52.63,-6.52
1560395094023656153,-52.69,-6.43
1560395094123878272,-52.76,-6.53
1560395094224037149,-52.82,-6.71
1560395094324280070,-52.89,-6.76
1560395094424466906,-52.96,-6.86
1560395094524741770,-53.03,-6.97
1560395094625046298,-53.1,-7.12
1560395094725280702,-53.17,-6.98
1560395094825472244,-53.24,-6.9
1560395094925785202,-53.31,-6.87
1560395095026108427,-53.37,-6.97
1560395095126685760,-53.44,-6.75
1560395095226911486,-53.51,-6.53
1560395095327104884,-53.58,-6.63
1560395095427261460,-53.64,-6.77
1560395095527435054,-53.71,-6.61
1560395095627616599,-53.78,-6.73
1560395095727813799,-53.84,-6.94
1560395095827999334,-53.92,-7.23
1560395095928176897,-53.99,-7.02
1560395096028326726,-54.06,-7.05
1560395096128563776,-54.13,-6.8
1560395096228742169,-54.19,-6.72
1560395096328934744,-54.26,-6.55
1560395096429149551,-54.32,-6.23
1560395096529322309,-54.39,-6.1
1560395096629572521,-54.45,-6.35
1560395096729824038,-54.51,-6.26
1560395096830000011,-54.57,-6.3
1560395096930188512,-54.64,-6.51
1560395097030370340,-54.7,-6.76
1560395097130563741,-54.77,-6.88
1560395097230812574,-54.84,-6.99
1560395097331035612,-54.91,-7.08
1560395097431219897,-54.98,-7.16
1560395097531426841,-55.05,-7.11
1560395097631591034,-55.13,-7.02
1560395097731767734,-55.2,-6.92
1560395097831883166,-55.26,-6.85
1560395097932030422,-55.33,-6.67
1560395098032162178,-55.4,-6.64
1560395098132303529,-55.46,-6.56
1560395098232465510,-55.53,-6.58
1560395098332582983,-55.6,-6.61
1560395098432710173,-55.66,-6.73
1560395098532824669,-55.73,-6.55
1560395098632994337,-55.79,-6.55
1560395098733141218,-55.86,-6.42
1560395098833284785,-55.92,-6.42
1560395098933480755,-55.99,-6.38
1560395099033690334,-56.05,-6.43
1560395099133811777,-56.12,-6.31
1560395099234017930,-56.18,-6.28
1560395099334223412,-56.24,-6.32
1560395099434370069,-56.3,-6.36
1560395099534506066,-56.37,-6.53
1560395099634818596,-56.44,-6.74
1560395099735025186,-56.5,-6.95
1560395099835299002,-56.57,-6.94
1560395099935500968,-56.64,-6.92
1560395100035705875,-56.71,-6.9
1560395100135894393,-56.78,-6.94
1560395100236075270,-56.85,-6.84
1560395100336224801,-56.92,-6.7
1560395100436384783,-56.98,-6.64
1560395100536552085,-57.05,-6.73
1560395100636689286,-57.12,-6.61
1560395100736887464,-57.18,-6.51
1560395100837042737,-57.25,-6.62
1560395100937203151,-57.32,-6.78
1560395101037367410,-57.38,-6.84
1560395101137571746,-57.45,-6.77
1560395101237722488,-57.52,-6.76
1560395101337873065,-57.59,-6.95
1560395101438040956,-57.66,-6.67
1560395101538256000,-57.72,-6.46
1560395101638487100,-57.79,-6.53
1560395101738708211,-57.85,-6.58
1560395101838923391,-57.92,-6.53
1560395101939091693,-57.98,-6.55
1560395102039346858,-58.05,-6.73
1560395102139694770,-58.12,-7.15
1560395102240081727,-58.19,-7.02
1560395102340439660,-58.26,-7.01
1560395102440705954,-58.33,-6.88
1560395102541050119,-58.4,-6.76
1560395102641260512,-58.47,-6.7
1560395102741638934,-58.53,-6.49
1560395102841915723,-58.6,-6.38
1560395102942105805,-58.66,-6.54
1560395103042308718,-58.73,-6.51
1560395103142463998,-58.79,-6.51
1560395103242648478,-58.86,-6.55
1560395103342854230,-58.92,-6.73
1560395103442976930,-58.99,-6.67
1560395103543169293,-59.06,-6.79
1560395103643386262,-59.12,-6.68
1560395103743559957,-59.19,-6.63
1560395103843701930,-59.26,-6.63
1560395103943931294,-59.32,-6.59
1560395104044176948,-59.39,-6.55
1560395104144376532,-59.45,-6.52
1560395104244532059,-59.52,-6.46
1560395104344747605,-59.58,-6.73
1560395104444939151,-59.65,-6.72
1560395104545083999,-59.72,-6.85
1560395104645221965,-59.79,-6.93
1560395104745373050,-59.86,-7
1560395104845564201,-59.93,-6.9
1560395104945708449,-60,-6.85
1560395105045902939,-60.06,-6.63
1560395105146150269,-60.13,-6.7
1560395105246330324,-60.2,-6.61
1560395105346521881,-60.26,-6.48
1560395105446718645,-60.33,-6.56
1560395105546868966,-60.39,-6.49
1560395105647125946,-60.46,-6.44
1560395105747310522,-60.52,-6.48
1560395105847511980,-60.59,-6.52
1560395105947718904,-60.65,-6.52
1560395106047883942,-60.72,-6.64
1560395106148040206,-60.78,-6.37
1560395106248195066,-60.85,-6.35
1560395106348388235,-60.91,-6.38
1560395106448522095,-60.97,-6.39
1560395106548704201,-61.04,-6.32
1560395106648891621,-61.1,-6.22
1560395106749022204,-61.16,-6.37
1560395106849231784,-61.23,-6.7
1560395106949433329,-61.3,-6.76
1560395107049576354,-61.37,-7.05
1560395107149740283,-61.44,-7.29
1560395107249924687,-61.51,-7.41
1560395107350138980,-61.58,-7.46
1560395107450296873,-61.66,-7.21
1560395107550480669,-61.73,-7.17
1560395107650638411,-61.8,-7.1
1560395107750792469,-61.87,-6.75
1560395107850933073,-61.94,-6.6
1560395107951049496,-62,-6.54
1560395108051180297,-62.07,-6.52
1560395108151339517,-62.13,-6.49
1560395108251511187,-62.2,-6.39
1560395108351694639,-62.26,-6.58
1560395108451869808,-62.33,-6.91
1560395108552071683,-62.4,-6.97
1560395108652248264,-62.47,-6.91
1560395108752434895,-62.54,-6.64
1560395108852708217,-62.6,-6.61
1560395108952889232,-62.67,-6.42
1560395109053092508,-62.73,-6.2
1560395109153237795,-62.79,-6.08
1560395109253491378,-62.85,-6.26
1560395109353706844,-62.92,-6.35
1560395109453937792,-62.98,-6.41
1560395109554148169,-63.05,-6.57
1560395109654293412,-63.11,-6.85
1560395109754440379,-63.18,-6.94
1560395109854709734,-63.25,-7.11
1560395109955072987,-63.32,-6.94
1560395110055443930,-63.39,-7.08
1560395110155815439,-63.46,-7.14
1560395110256215873,-63.53,-6.94
1560395110356482586,-63.6,-6.75
1560395110456646720,-63.67,-6.64
1560395110556825851,-63.74,-6.63
1560395110657140961,-63.8,-6.57
1560395110757362511,-63.87,-6.45
1560395110857549253,-63.93,-6.55
1560395110957751414,-64,-6.35
1560395111057944781,-64.06,-6.41
1560395111158121643,-64.12,-6.35
1560395111258348922,-64.19,-6.33
1560395111358500386,-64.25,-6.32
1560395111458649832,-64.31,-6.49
1560395111558839112,-64.38,-6.32
1560395111659009015,-64.44,-6.45
1560395111759218191,-64.51,-6.55
1560395111859438944,-64.57,-6.6
1560395111959595021,-64.64,-6.47
1560395112059793688,-64.7,-6.67
1560395112160023163,-64.77,-6.74
1560395112260205527,-64.84,-6.87
1560395112360392109,-64.91,-7
1560395112460596139,-64.98,-6.88
1560395112560776409,-65.05,-6.83
1560395112660994005,-65.12,-6.91
1560395112761195776,-65.18,-6.88
1560395112861346016,-65.25,-6.92
1560395112961567772,-65.32,-6.81
1560395113061756606,-65.39,-6.79
1560395113161924835,-65.46,-6.83
1560395113262110204,-65.53,-6.7
1560395113362305731,-65.59,-6.76
1560395113462551248,-65.66,-6.84
1560395113562723756,-65.73,-6.87
1560395113662932716,-65.8,-6.89
1560395113763130446,-65.87,-6.69
1560395113863336909,-65.93,-6.64
1560395113963532325,-66,-6.66
1560395114063703511,-66.07,-6.52
1560395114163914637,-66.13,-6.36
1560395114264053782,-66.19,-6.49
1560395114364261470,-66.26,-6.67
1560395114464434734,-66.33,-6.66
1560395114564635016,-66.39,-6.85
1560395114664784927,-66.46,-7.04
1560395114764975244,-66.53,-7.12
1560395114865167282,-66.6,-7.07
1560395114965367404,-66.68,-7.25
1560395115065529115,-66.75,-7.04
1560395115165701775,-66.82,-7.11
1560395115265820962,-66.89,-7
1560395115365933502,-66.96,-6.84
1560395115466045195,-67.03,-6.89
1560395115566232914,-67.1,-7.08
1560395115666397926,-67.17,-6.86
1560395115766557965,-67.24,-6.86
1560395115866753174,-67.3,-6.75
1560395115966930730,-67.37,-6.94
1560395116067106565,-67.44,-6.84
1560395116167331060,-67.51,-6.55
1560395116267503235,-67.57,-6.55
1560395116367688586,-67.64,-6.65
1560395116467817689,-67.71,-6.59
1560395116568009818,-67.77,-6.53
1560395116668151375,-67.84,-6.58
1560395116768291781,-67.9,-6.75
1560395116868499447,-67.97,-6.89
1560395116968640429,-68.04,-6.9
1560395117068828049,-68.11,-6.99
1560395117168975286,-68.18,-7.17
1560395117269164453,-68.25,-6.96
1560395117369403954,-68.32,-6.88
1560395117469766400,-68.39,-6.71
1560395117570113093,-68.46,-6.78
1560395117670470191,-68.52,-6.55
1560395117770808371,-68.59,-6.35
1560395117871208968,-68.65,-6.37
1560395117971470329,-68.72,-6.59
1560395118071707267,-68.78,-6.54
1560395118171976664,-68.85,-6.56
1560395118272168736,-68.91,-6.61
1560395118372334108,-68.98,-6.81
1560395118472486607,-69.05,-6.77
1560395118572640572,-69.11,-6.76
1560395118672787218,-69.18,-6.67
1560395118772923676,-69.25,-6.64
1560395118873074370,-69.31,-6.57
1560395118973206608,-69.38,-6.55
1560395119073360843,-69.44,-6.46
1560395119173543966,-69.51,-6.48
1560395119273711167,-69.57,-6.49
1560395119373908382,-69.64,-6.73
1560395119474069985,-69.71,-6.83
1560395119574199994,-69.78,-6.95
1560395119674452552,-69.85,-7.2
1560395119774594172,-69.92,-7.25
1560395119874766305,-69.99,-7.29
1560395119974913826,-70.06,-7.08
1560395120075099080,-70.14,-6.94
1560395120175275312,-70.2,-6.88
1560395120275599693,-70.27,-6.8
1560395120375765317,-70.34,-6.34
1560395120475922374,-70.4,-6.03
1560395120576117376,-70.46,-6.08
1560395120676276161,-70.52,-6.07
1560395120776441992,-70.58,-6.08
1560395120876655709,-70.64,-6.2
1560395120976858241,-70.71,-6.49
1560395121077087542,-70.77,-6.74
1560395121177229115,-70.84,-6.65
1560395121277457966,-70.91,-6.72
1560395121377660088,-70.97,-6.57
1560395121477835763,-71.04,-6.57
1560395121578054267,-71.1,-6.47
1560395121678287830,-71.17,-6.17
1560395121778468935,-71.23,-6.2
1560395121878639994,-71.29,-6.43
1560395121978843036,-71.36,-6.28
1560395122079009660,-71.42,-6.32
1560395122179193843,-71.48,-6.42
1560395122279345106,-71.55,-6.66
1560395122379579009,-71.61,-6.73
1560395122479763508,-71.68,-6.61
1560395122579954547,-71.75,-6.61
1560395122680103462,-71.82,-6.95
1560395122780303781,-71.88,-6.89
1560395122880485321,-71.95,-6.96
1560395122980633591,-72.02,-6.88
1560395123080805874,-72.09,-6.91
1560395123180984070,-72.16,-6.84
1560395123281125057,-72.23,-6.73
1560395123381268089,-72.3,-6.67
1560395123481402141,-72.36,-6.78
1560395123581586189,-72.43,-6.55
1560395123681786185,-72.5,-6.66
1560395123781986229,-72.56,-6.58
1560395123882146217,-72.63,-6.59
1560395123982346632,-72.69,-6.53
1560395124082564306,-72.76,-6.45
1560395124182788923,-72.82,-6.4
1560395124282965602,-72.89,-6.82
1560395124383250140,-72.96,-6.84
1560395124483477926,-73.03,-6.91
1560395124583641094,-73.09,-6.91
1560395124683852889,-73.16,-7.02
1560395124784020247,-73.23,-6.99
1560395124884186342,-73.3,-7.14
1560395124984315655,-73.38,-7.05
1560395125084504790,-73.45,-7.15
1560395125184703689,-73.52,-7
1560395125284930283,-73.59,-6.82
1560395125385118182,-73.65,-6.7
1560395125485462181,-73.72,-6.6
1560395125585806242,-73.79,-6.42
1560395125686077156,-73.85,-6.45
1560395125786296017,-73.91,-6.48
1560395125886456042,-73.98,-6.63
1560395125986629778,-74.05,-6.93
1560395126086826160,-74.12,-6.93
1560395126186993974,-74.19,-6.88
1560395126287174344,-74.26,-6.88
1560395126387304655,-74.32,-6.62
1560395126487428575,-74.39,-6.55
1560395126587588558,-74.45,-6.41
1560395126687770150,-74.52,-6.23
1560395126787930699,-74.58,-6.06
1560395126888089359,-74.64,-6.07
1560395126988259179,-74.7,-6.06
1560395127088464730,-74.76,-6.1
1560395127188611649,-74.82,-6.27
1560395127288833361,-74.89,-6.75
1560395127389009677,-74.96,-6.96
1560395127489209082,-75.03,-7.08
1560395127589422842,-75.1,-7.24
1560395127689569795,-75.17,-7.11
1560395127789871977,-75.24,-7.03
1560395127890089244,-75.31,-6.96
1560395127990233045,-75.38,-6.84
1560395128090461582,-75.45,-6.79
1560395128190675796,-75.51,-6.77
1560395128290832257,-75.58,-6.55
1560395128391057590,-75.65,-6.46
1560395128491257528,-75.71,-6.46
1560395128591526038,-75.78,-6.61
1560395128691670353,-75.84,-6.54
1560395128791959989,-75.91,-6.58
1560395128892159466,-75.97,-6.74
1560395128992329471,-76.04,-6.89
1560395129092480279,-76.11,-6.8
1560395129192708631,-76.18,-6.75
1560395129292903328,-76.25,-6.87
1560395129393125109,-76.32,-6.95
1560395129493262203,-76.38,-6.88
1560395129593477656,-76.45,-6.91
1560395129693647243,-76.52,-7.02
1560395129793851998,-76.59,-7.23
1560395129894005911,-76.67,-7.05
1560395129994213844,-76.74,-6.98
1560395130094397561,-76.81,-7.11
1560395130194611889,-76.88,-7.17
1560395130294829616,-76.95,-6.94
1560395130395028412,-77.02,-6.88
1560395130495188543,-77.09,-6.82
1560395130595376737,-77.15,-6.9
1560395130695642878,-77.22,-6.55
1560395130795877167,-77.29,-6.41
1560395130896093655,-77.35,-6.52
1560395130996284700,-77.42,-6.64
1560395131096478756,-77.48,-6.56
1560395131196615593,-77.55,-6.55
1560395131296780432,-77.61,-6.57
1560395131396960970,-77.68,-6.64
1560395131497118729,-77.75,-6.43
1560395131597280861,-77.81,-6.35
1560395131697448554,-77.87,-6.4
1560395131797663393,-77.94,-6.36
1560395131897817450,-78,-6.32
1560395131998058441,-78.06,-6.23
1560395132098230764,-78.13,-6.26
1560395132198434598,-78.19,-6.63
1560395132298602754,-78.26,-6.88
1560395132398775247,-78.33,-6.88
1560395132499016392,-78.4,-7.08
1560395132599223951,-78.47,-7.24
1560395132699438064,-78.54,-7.15
1560395132799588004,-78.61,-7.01
1560395132899870300,-78.68,-6.88
1560395133000032956,-78.75,-6.76
1560395133100218675,-78.81,-6.58
1560395133200447648,-78.88,-6.37
1560395133300657626,-78.94,-6.21
1560395133400959488,-79.01,-6.29
1560395133501263065,-79.07,-6.31
1560395133601623382,-79.13,-6.51
1560395133701959253,-79.2,-6.45
1560395133802134331,-79.26,-6.64
1560395133902255353,-79.33,-6.76
1560395134002391795,-79.4,-6.52
1560395134102782223,-79.46,-6.45
1560395134203090681,-79.52,-6.4
1560395134303280221,-79.59,-6.19
1560395134403466068,-79.65,-6.32
1560395134503666253,-79.71,-6.3
1560395134603853282,-79.78,-6.26
1560395134704035423,-79.84,-6.36
1560395134804197533,-79.9,-6.6
1560395134904382160,-79.97,-6.78
1560395135004566269,-80.04,-6.88
1560395135104834443,-80.11,-7.02
1560395135205018868,-80.18,-7.07
1560395135305238938,-80.25,-7.05
1560395135405426818,-80.32,-6.97
1560395135505598173,-80.39,-6.88
1560395135605788367,-80.46,-6.83
1560395135706076060,-80.53,-6.99
1560395135806258082,-80.6,-6.82
1560395135906459055,-80.66,-6.82
1560395136006661812,-80.73,-6.94
1560395136106871265,-80.8,-6.99
1560395136207096936,-80.87,-6.88
1560395136307290541,-80.94,-6.7
1560395136407474467,-81.01,-6.79
1560395136507679810,-81.07,-6.81
1560395136607870131,-81.14,-6.43
1560395136708073016,-81.2,-6.29
1560395136808249134,-81.27,-6.32
1560395136908427569,-81.33,-6.55
1560395137008617662,-81.4,-6.45
1560395137108832590,-81.46,-6.5
1560395137209036351,-81.53,-6.73
1560395137309233375,-81.6,-6.92
1560395137409509102,-81.67,-6.94
1560395137509671614,-81.74,-7.02
1560395137609807805,-81.8,-6.88
1560395137710003845,-81.87,-7.11
1560395137810145258,-81.94,-6.85
1560395137910266813,-82.01,-6.73
1560395138010435877,-82.08,-6.63
1560395138110642045,-82.14,-6.52
1560395138210903203,-82.21,-6.38
1560395138311167283,-82.27,-6.29
1560395138411429582,-82.34,-6.22
1560395138511648727,-82.4,-6.49
1560395138611837305,-82.47,-6.73
1560395138712092769,-82.53,-6.91
1560395138812378348,-82.6,-6.99
1560395138912616894,-82.67,-7.05
1560395139012814879,-82.74,-6.92
1560395139112963610,-82.81,-6.82
1560395139213117721,-82.88,-6.67
1560395139313335175,-82.94,-6.53
1560395139413531360,-83.01,-6.34
1560395139513783785,-83.07,-6.33
1560395139613959958,-83.13,-6.16
1560395139714139088,-83.2,-6.16
1560395139814356697,-83.26,-6.23
1560395139914539647,-83.32,-6.57
1560395140014655345,-83.39,-6.64
1560395140114889623,-83.46,-7.01
1560395140215085044,-83.53,-7.31
1560395140315211565,-83.6,-7.17
1560395140415381146,-83.67,-6.94
1560395140515729817,-83.74,-7.01
1560395140616136770,-83.81,-6.73
1560395140716379645,-83.88,-6.66
1560395140816706883,-83.94,-6.62
1560395140917104576,-84.01,-6.38
1560395141017481018,-84.07,-6.32
1560395141117860640,-84.14,-6.41
1560395141218265303,-84.2,-6.5
1560395141318508644,-84.27,-6.58
1560395141418676889,-84.4,-6.76
1560395141518832283,-84.46,-6.81
1560395141619012275,-84.53,-6.76
1560395141719201332,-84.6,-6.75
1560395141819352256,-84.67,-6.67
1560395141919513807,-84.73,-6.76
1560395142024333186,-84.8,-6.73
1560395142124542088,-84.93,-6.65
1560395142224729375,-85,-6.81
1560395142324911592,-85.07,-6.74
1560395142425190658,-85.14,-6.76
1560395142525390065,-85.21,-6.93
1560395142625622786,-85.28,-7.08
1560395142725820128,-85.35,-6.96
1560395142826021924,-85.48,-6.76
1560395142926217309,-85.55,-6.93
1560395143026448795,-85.62,-6.82
1560395143126616804,-85.69,-6.75
1560395143226820531,-85.75,-6.71
1560395143327044380,-85.82,-6.74
1560395143427220187,-85.89,-6.64
1560395143527389039,-85.96,-6.66
1560395143627564513,-124.64,-6.46
1560395143727726723,-124.7,-6.59
1560395143827877044,-124.77,-6.52
1560395143928036188,-124.83,-6.62
1560395144028209415,-124.9,-6.67
1560395144128453487,-124.97,-6.79
1560395144228639973,-125.04,-6.91
1560395144328845489,-125.11,-7.1
1560395144429034051,-125.18,-6.84
1560395144529200318,-125.25,-6.91
1560395144629390960,-125.31,-6.75
1560395144729526821,-125.38,-6.51
1560395144829630762,-125.44,-6.47
1560395144929813107,-125.51,-6.3
1560395145029955819,-125.57,-6.32
1560395145130135572,-125.64,-6.39
1560395145230293740,-125.7,-6.32
1560395145330452320,-125.76,-6.55
1560395145430615044,-125.83,-6.65
1560395145530855665,-125.9,-6.68
1560395145631063526,-125.96,-6.75
1560395145731359018,-126.03,-6.87
1560395145831683182,-126.1,-7
1560395145931973934,-126.17,-6.87
1560395146032263595,-126.24,-6.66
1560395146132571761,-126.3,-6.79
1560395146232952043,-126.37,-6.74
1560395146333210889,-126.44,-6.78
1560395146433477074,-126.51,-6.9
1560395146533628602,-126.58,-7.01
1560395146633792798,-126.65,-6.92
1560395146734009979,-126.72,-6.95
1560395146834246863,-126.79,-6.85
1560395146934459337,-126.85,-6.87
1560395147034673613,-126.92,-6.86
1560395147134871492,-126.99,-6.69
1560395147235015350,-127.06,-6.47
1560395147335266154,-127.12,-6.57
1560395147435457579,-127.19,-6.51
1560395147535630391,-127.25,-6.32
1560395147635824573,-127.31,-6.25
1560395147736045433,-127.38,-6.49
1560395147836235048,-127.44,-6.73
1560395147936429138,-127.51,-6.76
1560395148036574005,-127.58,-6.74
1560395148136766198,-127.65,-6.85
1560395148236985967,-127.72,-6.92
1560395148337199264,-127.78,-6.79
1560395148437403335,-127.85,-6.64
1560395148537564170,-127.92,-6.61
1560395148637769961,-127.98,-6.68
1560395148737920283,-128.05,-6.5
1560395148838078456,-128.12,-6.5
1560395148938247981,-128.18,-6.63
1560395149038409834,-128.25,-6.79
1560395149138615282,-128.32,-6.76
1560395149238820901,-128.38,-6.91
1560395149339007451,-128.45,-7.1
1560395149439178576,-128.53,-7.35
1560395149539370020,-128.6,-7.18
1560395149639539624,-128.67,-6.97
1560395149739696555,-128.74,-6.83
1560395149839889558,-128.81,-6.72
1560395149940048149,-128.87,-6.39
1560395150040177103,-128.94,-6.31
1560395150140349298,-129,-6.21
1560395150240506445,-129.06,-6.33
1560395150340643540,-129.13,-6.47
1560395150440860576,-129.19,-6.63
1560395150541017024,-129.26,-6.78
1560395150641169093,-129.33,-6.97
1560395150741301288,-129.4,-6.99
1560395150841518873,-129.47,-6.94
1560395150941714487,-129.53,-6.83
1560395151041879210,-129.6,-6.76
1560395151142042627,-129.67,-6.68
1560395151242213473,-129.74,-6.42
1560395151342414518,-129.8,-6.29
1560395151442566885,-129.86,-6.12
1560395151542736348,-129.92,-6.23
1560395151642954878,-129.99,-6.36
1560395151743175861,-130.05,-6.41
1560395151843357851,-130.11,-6.6
1560395151943549933,-130.18,-6.79
1560395152043794664,-130.25,-7.01
1560395152143987655,-130.32,-6.86
1560395152244123627,-130.39,-6.82
1560395152344320589,-130.46,-6.64
1560395152444496265,-130.52,-6.62
1560395152544742506,-130.59,-6.51
1560395152644956381,-130.65,-6.38
1560395152745173141,-130.72,-6.3
1560395152845392343,-130.78,-6.35
1560395152945549518,-130.84,-6.25
1560395153045692830,-130.9,-6.29
1560395153145860131,-130.97,-6.15
1560395153246051051,-131.03,-6.44
1560395153346312723,-131.09,-6.53
1560395153446608685,-131.16,-6.35
1560395153546803610,-131.22,-6.41
1560395153647007493,-131.29,-6.71
1560395153747228925,-131.36,-6.78
1560395153847461578,-131.42,-6.81
1560395153947665357,-131.49,-6.59
1560395154047894532,-131.56,-6.71
1560395154148273065,-131.62,-6.93
1560395154248498597,-131.69,-6.75
1560395154348642433,-131.76,-6.73
1560395154448786026,-131.83,-7.02
1560395154548953178,-131.9,-7.1
1560395154649132487,-131.97,-7.18
1560395154749360360,-132.04,-6.91
1560395154849565627,-132.11,-6.82
1560395154949717803,-132.18,-6.85
1560395155049856371,-132.25,-6.57
1560395155150008964,-132.31,-6.45
1560395155250173027,-132.38,-6.54
1560395155350336071,-132.44,-6.82
1560395155450495051,-132.51,-6.7
1560395155550637025,-132.58,-6.61
1560395155650805285,-132.64,-6.91
1560395155750999981,-132.71,-7.05
1560395155851154628,-132.78,-7.01
1560395155951367371,-132.85,-6.85
1560395156051559806,-132.92,-6.85
1560395156151707386,-132.99,-6.76
1560395156251899925,-133.06,-6.54
1560395156352082405,-133.12,-6.34
1560395156452251893,-133.18,-6.16
1560395156552426312,-133.25,-6.17
1560395156652558997,-133.31,-6.24
1560395156752743493,-133.37,-6.31
1560395156852884279,-133.43,-6.55
1560395156953129121,-133.5,-6.85
1560395157053319127,-133.57,-6.87
1560395157153479413,-133.64,-6.84
1560395157253628232,-133.71,-6.6
1560395157353828716,-133.77,-6.52
1560395157454067148,-133.84,-6.53
1560395157554216059,-133.9,-6.35
1560395157654376570,-133.96,-6.25
1560395157754501728,-134.03,-6.15
1560395157854654146,-134.09,-5.97
1560395157954942034,-134.15,-6.07
1560395158055116169,-134.21,-6.09
1560395158155255026,-134.27,-6.27
1560395158255433882,-134.33,-6.46
1560395158355582270,-134.4,-6.68
1560395158455734132,-134.47,-6.83
1560395158555888727,-134.53,-6.76
1560395158656102734,-134.6,-6.52
1560395158756254196,-134.67,-6.62
1560395158856469874,-134.73,-6.69
1560395158956614842,-134.8,-6.66
1560395159056790664,-134.87,-6.53
1560395159156983172,-134.93,-6.53
1560395159257158201,-135,-6.5
1560395159357346302,-135.06,-6.37
1560395159457467399,-135.12,-6.38
1560395159557575635,-135.19,-6.64
1560395159657747704,-135.26,-6.85
1560395159757862644,-135.32,-6.76
1560395159857958894,-135.39,-6.71
1560395159958153394,-135.46,-6.93
1560395160058324535,-135.53,-6.88
1560395160158473760,-135.6,-6.84
1560395160258683985,-135.67,-6.57
1560395160358849659,-135.73,-6.65
1560395160459000090,-135.8,-6.78
1560395160559156647,-135.87,-6.69
1560395160659344783,-135.93,-6.53
1560395160759517240,-136,-6.81
1560395160859624637,-136.07,-6.87
1560395160959781943,-136.14,-7
1560395161059957548,-136.2,-6.76
1560395161160107425,-136.27,-6.77
1560395161260313328,-136.34,-6.85
1560395161360496814,-136.41,-6.69
1560395161460664273,-136.47,-6.37
1560395161560821101,-136.54,-6.42
1560395161660966613,-136.6,-6.55
1560395161761096838,-136.67,-6.57
1560395161861274757,-136.73,-6.46
1560395161961452919,-136.8,-6.82
1560395162061752704,-136.87,-7.03
1560395162162048616,-136.94,-7.06
1560395162262253986,-137.01,-6.83
1560395162362451965,-137.08,-6.76
1560395162462681215,-137.14,-6.79
1560395162562896824,-137.21,-6.58
1560395162663152286,-137.28,-6.41
1560395162763434339,-137.34,-6.27
1560395162863650905,-137.4,-6.32
1560395162963883919,-137.47,-6.31
1560395163064168093,-137.53,-6.36
1560395163164464028,-137.59,-6.56
1560395163264611177,-137.66,-6.91
1560395163364808062,-137.73,-6.79
1560395163465022451,-137.8,-6.86
1560395163565176878,-137.87,-6.84
1560395163665333023,-137.93,-6.77
1560395163765493975,-138,-6.59
1560395163865654186,-138.07,-6.34
1560395163965794084,-138.13,-6.4
1560395164065956048,-138.19,-6.35
1560395164166137777,-138.26,-6.24
1560395164266332375,-138.32,-6.45
1560395164366510579,-138.38,-6.52
1560395164466648540,-138.45,-6.76
1560395164566838896,-138.52,-6.85
1560395164667068936,-138.59,-6.89
1560395164767208117,-138.66,-7.1
1560395164867372807,-138.73,-7.08
1560395164967535389,-138.8,-6.79
1560395165067713558,-138.87,-6.8
1560395165167909410,-138.93,-6.72
1560395165268081235,-139,-6.65
1560395165368276171,-139.07,-6.64
1560395165468445353,-139.13,-6.71
1560395165568617367,-139.2,-6.59
1560395165668771350,-139.27,-6.53
1560395165768907260,-139.33,-6.51
1560395165869052345,-139.4,-6.53
1560395165969238118,-139.46,-6.56
1560395166069455019,-139.53,-6.52
1560395166169649855,-139.59,-6.33
1560395166269833417,-139.66,-6.5
1560395166369979946,-139.72,-6.49
1560395166470156736,-139.78,-6.42
1560395166570322846,-139.85,-6.37
1560395166670543024,-139.91,-6.56
1560395166770741310,-139.98,-6.58
1560395166870925141,-140.05,-6.65
1560395166971083490,-140.11,-6.73
1560395167071253258,-140.18,-6.89
1560395167171451594,-140.25,-7.03
1560395167271621761,-140.32,-7.08
1560395167371851610,-140.39,-6.94
1560395167472038210,-140.46,-6.91
1560395167572185525,-140.53,-6.86
1560395167672376635,-140.6,-6.73
1560395167772529013,-140.66,-6.51
1560395167872722406,-140.73,-6.62
1560395167972910347,-140.79,-6.71
1560395168073110241,-140.86,-6.62
1560395168173297262,-140.93,-6.42
1560395168273455610,-140.99,-6.67
1560395168373634753,-141.06,-6.9
1560395168473791746,-141.13,-6.75
1560395168573989175,-141.19,-6.56
1560395168674158218,-141.26,-6.53
1560395168774378752,-141.33,-6.56
1560395168874532187,-141.39,-6.25
1560395168974780313,-141.45,-6.07
1560395169074994245,-141.51,-6.02
1560395169175237678,-141.57,-5.98
1560395169275403520,-141.63,-5.97
1560395169375558006,-141.69,-6.08
1560395169475768413,-141.75,-6.38
1560395169575927654,-141.82,-6.87
1560395169676093995,-141.89,-6.99
1560395169776352438,-141.96,-6.97
1560395169876528396,-142.03,-7.08
1560395169976771015,-142.1,-7.14
1560395170076973173,-142.17,-7
1560395170177187251,-142.24,-6.88
1560395170277532494,-142.31,-6.73
1560395170377848257,-142.38,-6.6
1560395170478028369,-142.44,-6.47
1560395170578384464,-142.51,-6.4
1560395170678658177,-142.57,-6.43
1560395170778804965,-142.63,-6.59
1560395170878934807,-142.7,-6.57
1560395170979242331,-142.77,-6.68
1560395171079455841,-142.83,-6.76
1560395171179694680,-142.9,-6.76
1560395171279931816,-142.97,-6.55
1560395171380089814,-143.03,-6.41
1560395171480235923,-143.1,-6.45
1560395171580386903,-143.16,-6.35
1560395171680563112,-143.22,-6.22
1560395171780759034,-143.29,-6.32
1560395171880947668,-143.35,-6.32
1560395171981117182,-143.41,-6.41
1560395172081343012,-143.48,-6.59
1560395172181528226,-143.54,-6.78
1560395172281724068,-143.61,-6.88
1560395172381899340,-143.68,-6.8
1560395172482042808,-143.75,-6.79
1560395172582218074,-143.82,-6.89
1560395172682386076,-143.89,-6.82
1560395172782554659,-143.96,-6.89
1560395172882749958,-144.02,-6.61
1560395172982903820,-144.09,-6.69
1560395173083029886,-144.16,-6.68
1560395173183206296,-144.22,-6.59
1560395173283377478,-144.29,-6.54
1560395173383572594,-144.35,-6.8
1560395173483748953,-144.42,-6.88
1560395173583964354,-144.49,-6.84
1560395173684127455,-144.56,-6.68
1560395173784293268,-144.63,-6.71
1560395173884488640,-144.69,-6.67
1560395173984707719,-144.76,-6.56
1560395174084931694,-144.82,-6.51
1560395174185078292,-144.89,-6.62
1560395174285279174,-144.96,-6.68
1560395174385465358,-145.02,-6.62
1560395174485664594,-145.09,-6.49
1560395174585857855,-145.15,-6.82
1560395174686048538,-145.22,-7.07
1560395174786235121,-145.29,-6.95
1560395174886431561,-145.36,-6.89
1560395174986600535,-145.43,-6.91
1560395175086755287,-145.5,-6.93
1560395175186927637,-145.57,-6.71
1560395175287119755,-145.64,-6.53
1560395175387322316,-145.7,-6.5
1560395175487613265,-145.77,-6.53
1560395175587797338,-145.83,-6.53
1560395175687984930,-145.9,-6.41
1560395175788162960,-145.96,-6.68
1560395175888310229,-146.03,-6.9
1560395175988543471,-146.1,-6.82
1560395176088727599,-146.17,-6.66
1560395176188874576,-146.23,-6.74
1560395176289074508,-146.3,-6.79
1560395176389253122,-146.37,-6.57
1560395176489416439,-146.43,-6.49
1560395176589554625,-146.5,-6.5
1560395176689699458,-146.56,-6.44
1560395176789892555,-146.63,-6.35
1560395176890029175,-146.69,-6.3
1560395176990211094,-146.75,-6.3
1560395177090362756,-146.82,-6.58
1560395177190516412,-146.88,-6.68
1560395177290686557,-146.95,-6.71
1560395177390844005,-147.02,-6.75
1560395177491018530,-147.09,-6.88
1560395177591170443,-147.15,-6.85
1560395177691323001,-147.22,-6.63
1560395177791534555,-147.29,-6.69
1560395177891741797,-147.36,-6.72
1560395177991993287,-147.42,-6.58
1560395178092145894,-147.49,-6.45
1560395178192346524,-147.55,-6.47
1560395178292653604,-147.62,-6.52
1560395178392965505,-147.68,-6.6
1560395178493271306,-147.75,-6.74
1560395178593533726,-147.82,-6.65
1560395178693709041,-147.88,-6.6
1560395178794025058,-147.95,-6.56
1560395178894291310,-148.01,-6.57
1560395178994458649,-148.08,-6.53
1560395179094666004,-148.14,-6.58
1560395179194853527,-148.21,-6.4
1560395179295061861,-148.27,-6.45
1560395179395233455,-148.34,-6.53
1560395179495446927,-148.4,-6.59
1560395179595617694,-148.47,-6.7
1560395179695813657,-148.54,-6.94
1560395179796069496,-148.61,-7.06
1560395179896278641,-148.68,-7.06
1560395179996649947,-148.75,-6.99
1560395180096877725,-148.82,-7.07
1560395180197094201,-148.89,-6.98
1560395180297313215,-148.96,-6.85
1560395180397518841,-149.03,-6.6
1560395180497705078,-149.09,-6.61
1560395180597898969,-149.16,-6.51
1560395180698086900,-149.22,-6.44
1560395180798291099,-149.29,-6.33
1560395180898428872,-149.35,-6.58
1560395180998584610,-149.42,-6.74
1560395181098768520,-149.48,-6.65
1560395181198964821,-149.55,-6.49
1560395181299134044,-149.62,-6.6
1560395181399336189,-149.68,-6.47
1560395181499521332,-149.75,-6.32
1560395181599754782,-149.81,-6.2
1560395181699899786,-149.87,-6.33
1560395181800148032,-149.93,-6.21
1560395181900363149,-149.99,-6.01
1560395182000561495,-150.05,-6.1
1560395182100731169,-150.12,-6.46
1560395182200962509,-150.18,-6.76
1560395182301148025,-150.25,-6.99
1560395182401361118,-150.32,-7
1560395182501522401,-150.39,-7.06
1560395182601735066,-150.46,-7.17
1560395182701955446,-150.53,-7.02
1560395182802143608,-150.6,-6.73
1560395182902334405,-150.67,-6.86
1560395183002488590,-150.74,-6.93
1560395183102700921,-150.81,-6.61
1560395183202847273,-150.87,-6.55
1560395183303036950,-150.94,-6.54
1560395183403230810,-151,-6.53
1560395183503358417,-151.07,-6.61
1560395183603490934,-151.14,-6.67
1560395183703636177,-151.2,-6.88
1560395183803778933,-151.27,-7.03
1560395183903944150,-151.34,-6.82
1560395184004131045,-151.41,-6.67
1560395184104302406,-151.48,-6.66
1560395184204458612,-151.54,-6.73
1560395184304609399,-151.61,-6.62
1560395184404771857,-151.68,-6.32
1560395184504948813,-151.74,-6.34
1560395184605136351,-151.8,-6.5
1560395184705318213,-151.87,-6.41
1560395184805518682,-151.93,-6.63
1560395184905674826,-152,-6.74
1560395185005804555,-152.07,-6.74
1560395185106018557,-152.14,-7
1560395185206158896,-152.21,-6.94
1560395185306345576,-152.28,-7.02
1560395185406531607,-152.35,-7.18
1560395185506732093,-152.42,-6.91
1560395185606902287,-152.49,-6.76
1560395185707070452,-152.55,-6.59
1560395185807229894,-152.62,-6.53
1560395185907591521,-152.68,-6.51
1560395186007890919,-152.75,-6.53
1560395186108043513,-152.81,-6.57
1560395186208229488,-152.88,-6.65
1560395186308561609,-152.95,-6.5
1560395186409020784,-153.01,-6.51
1560395186509288037,-153.07,-6.36
1560395186609481160,-153.14,-6.24
1560395186709818638,-153.2,-6.29
1560395186810037664,-153.26,-6.41
1560395186910196305,-153.33,-6.41
1560395187010416767,-153.39,-6.48
1560395187110724358,-153.46,-6.44
1560395187210941650,-153.52,-6.71
1560395187311127752,-153.59,-6.94
1560395187411285019,-153.66,-7.13
1560395187511426477,-153.73,-7.28
1560395187611622138,-153.81,-7.24
1560395187711811637,-153.88,-7.11
1560395187812008233,-153.95,-7
1560395187912194898,-154.02,-6.75
1560395188012426160,-154.08,-6.72
1560395188112607686,-154.15,-6.67
1560395188212792461,-154.22,-6.34
1560395188312948757,-154.28,-6.29
1560395188413160813,-154.34,-6.52
1560395188513379319,-154.41,-6.66
1560395188613554626,-154.48,-6.7
1560395188713759895,-154.54,-6.66
1560395188813945134,-154.61,-6.74
1560395188914160892,-154.68,-6.79
1560395189014366094,-154.74,-6.45
1560395189114544339,-154.81,-6.36
1560395189214708454,-154.87,-6.47
1560395189314908008,-154.94,-6.52
1560395189415069795,-155,-6.4
1560395189515275197,-155.07,-6.44
1560395189615458617,-155.13,-6.63
1560395189715630999,-155.2,-6.82
1560395189815814142,-155.27,-6.97
1560395189915966479,-155.34,-7.15
1560395190016103917,-155.41,-7.37
1560395190116236858,-155.48,-7.46
1560395190216357318,-155.56,-7.22
1560395190316558908,-155.63,-7.01
1560395190416679330,-155.7,-6.95
1560395190516836138,-155.77,-7.01
1560395190617066759,-155.84,-6.62
1560395190717253413,-155.9,-6.2
1560395190817449757,-155.96,-6.32
1560395190917677272,-156.03,-6.23
1560395191017874817,-156.09,-6.16
1560395191118022323,-156.15,-6.35
1560395191218203316,-156.21,-6.44
1560395191318357702,-156.28,-6.69
1560395191418519932,-156.35,-6.58
1560395191518688516,-156.41,-6.65
1560395191618947708,-156.48,-6.82
1560395191719177594,-156.55,-6.88
1560395191819402442,-156.62,-6.65
1560395191919613710,-156.68,-6.5
1560395192019785754,-156.75,-6.5
1560395192120030468,-156.81,-6.56
1560395192220224474,-156.88,-6.57
1560395192320427709,-156.94,-6.65
1560395192420553437,-157.01,-6.85
1560395192520761508,-157.08,-6.97
1560395192620933634,-157.15,-6.9
1560395192721113367,-157.22,-6.91
1560395192821399648,-157.29,-6.76
1560395192921577917,-157.35,-6.75
1560395193021736053,-157.42,-6.52
1560395193121888782,-157.49,-6.37
1560395193222021112,-157.55,-6.3
1560395193322289797,-157.61,-6.18
1560395193422506421,-157.67,-6.06
1560395193522698484,-157.73,-6.12
1560395193622921672,-157.8,-6.32
1560395193723144864,-157.86,-6.62
1560395193823503027,-157.93,-6.69
1560395193923837388,-157.99,-6.67
1560395194024011753,-158.06,-6.68
1560395194124358949,-158.13,-6.69
1560395194224643061,-158.19,-6.53
1560395194324799094,-158.26,-6.62
1560395194425162153,-158.32,-6.48
1560395194525358100,-158.39,-6.36
1560395194625560770,-158.45,-6.2
1560395194725767863,-158.51,-6.46
1560395194826006015,-158.65,-6.71
1560395194926236798,-158.71,-6.65
1560395195026434725,-158.78,-7.01
1560395195126667858,-158.85,-7.03
1560395195226820439,-158.92,-7.06
1560395195326970654,-158.99,-6.86
1560395195427148426,-159.06,-7.03
1560395195527452127,-159.2,-6.73
1560395195627689775,-159.27,-6.53
1560395195727855813,-159.33,-6.62
1560395195828060526,-159.4,-6.74
1560395195928261347,-159.47,-6.61
1560395196028481108,-159.53,-6.44
1560395196128781769,-159.6,-6.14
1560395196229054084,-159.71,-4.93
1560395196329236903,-159.75,-4.14
1560395196429434162,-159.79,-3.59
1560395196529639976,-159.82,-2.69
1560395196629808372,-159.85,-1.67
1560395196730003923,-159.86,-0.84
1560395196830236263,-159.86,-0.21
1560395196930407782,-159.86,0.52
1560395197030685589,-173.94,-0.19
1560395197130874793,-173.94,0.13
1560395197231084844,-173.94,0.25
1560395197331256008,-173.93,0.05
1560395197431431103,-173.93,-0.06
1560395197531651438,-173.93,0.15
1560395197631858069,-173.93,0.04
1560395197732003596,-173.93,-0.06
1560395197832152347,-173.93,-0.03
1560395197932280255,-173.93,-0.05
1560395198032474514,-173.93,0.02
1560395198132606224,-173.93,-0.17
1560395198232802172,-173.94,-0.12
1560395198332982521,-173.94,0.32
1560395198433101193,-173.93,0.23
1560395198533256156,-173.93,-0.02
1560395198633433747,-173.93,-0.16
1560395198733678635,-173.93,-0.09
1560395198833820946,-173.93,0.13
1560395198933978518,-173.93,-0.12
1560395199034156356,-173.93,-0.1
1560395199134341697,-173.93,0.24
1560395199234512138,-173.93,0.19
1560395199334642773,-173.93,-0.16
1560395199434874765,-173.93,-0.12
1560395199535062871,-173.93,0.06
1560395199635210094,-173.93,0.03
1560395199735396503,-173.93,-0.06
1560395199835532915,-173.93,0.05
1560395199935733934,-173.93,0.15
1560395200035959589,-173.93,-0.02
1560395200136105061,-173.93,-0.13
1560395200236286189,-173.93,-0.1
1560395200336471207,-173.93,0.22
1560395200436644565,-173.93,0.2
1560395200536858017,-173.93,-0.1
1560395200637014942,-173.93,-0.28
1560395200737181411,-173.93,0
1560395200837343608,-173.93,-0.07
1560395200937580670,-173.93,-0.05
1560395201037775516,-173.93,-0.05
1560395201138080437,-173.93,0.09
1560395201238246375,-173.93,-0.17
1560395201338572146,-173.94,-0.24
1560395201438863653,-173.94,-0.1
1560395201539190019,-173.94,0.19
1560395201639582004,-173.94,0.18
1560395201739797058,-173.93,0.12
1560395201840138087,-173.93,0.06
1560395201940350456,-173.93,0.23
1560395202040563136,-173.93,0.12
1560395202140723299,-173.93,-0.06
1560395202240901361,-173.93,-0.09
1560395202341061375,-173.93,0.17
1560395202441252209,-173.93,-0.08
1560395202541452718,-173.93,-0.02
1560395202641653910,-173.93,-0.08
1560395202741854813,-173.93,-0.02
1560395202842033543,-173.93,-0.14
1560395202942229051,-173.93,-0.08
1560395203042477543,-173.93,0.21
1560395203142651280,-173.93,0.21
1560395203242849528,-173.93,-0.01
1560395203343004997,-173.93,-0.1
1560395203443167923,-173.93,-0.03
1560395203543360439,-173.93,0.12
1560395203643541351,-173.93,-0.02
1560395203743708306,-173.93,-0.34
1560395203843868624,-173.93,-0.01
1560395203944108464,-173.93,0.39
1560395204044297687,-173.93,0.15
1560395204144490120,-173.93,0.13
1560395204244693887,-173.93,0.38
1560395204344852898,-173.92,0.15
1560395204445067660,-173.92,-0.13
1560395204545261967,-173.92,-0.01
1560395204645473712,-173.92,0.07
1560395204745666366,-173.92,0.18
1560395204845846930,-173.92,-0.14
1560395204945993592,-173.92,-0.37
1560395205046191822,-173.93,-0.12
1560395205146331002,-173.93,0.01
1560395205246482087,-173.93,-0.08
1560395205346678059,-173.93,-0.03
1560395205446897830,-173.93,0.17
1560395205547043428,-173.92,0.33
1560395205647209928,-173.92,0.05
1560395205747348550,-173.92,0.02
1560395205847530238,-173.92,0.03
1560395205947737387,-173.92,0.07
1560395206047897444,-173.92,-0.04
1560395206148086186,-173.92,0.01
1560395206248225401,-173.92,0.03
1560395206348465171,-173.92,0.07
1560395206448629384,-173.92,-0.29
1560395206548875532,-173.93,-0.32
1560395206649101376,-173.93,-0.05
1560395206749299011,-173.93,-0.08
1560395206849448352,-173.93,-0.08
1560395206949603974,-173.93,-0.08
1560395207049765556,-173.93,0.09
1560395207149923788,-173.93,0.18
1560395207250034873,-173.93,0.1
1560395207350174242,-173.93,0.04
1560395207450338135,-173.92,0.18
1560395207550522628,-173.92,-0.08
1560395207650724831,-173.93,-0.14
1560395207750888580,-173.93,-0.04
1560395207851012719,-173.93,0.24
1560395207951196901,-173.92,0.07
1560395208051389146,-173.92,-0.32
1560395208151591335,-173.93,-0.37
1560395208251789660,-173.93,-0.21
1560395208352008675,-173.93,-0.43
1560395208452219991,-173.94,-0.45
1560395208552388430,-173.94,-0.2
1560395208652522255,-173.94,0.18
1560395208752711304,-173.94,0.01
1560395208852891238,-173.94,-0.03
1560395208953051419,-173.94,0.06
1560395209053297231,-173.94,0.23
1560395209153545974,-173.94,0.25
1560395209253800928,-173.94,0.14
1560395209354045256,-173.93,0.22
1560395209454377223,-173.93,0.46
1560395209554556356,-173.93,0.01
1560395209654738970,-173.93,-0.15
1560395209755037308,-173.93,-0.08
1560395209855244685,-173.93,0.18
1560395209955398542,-173.93,-0.07
1560395210055586248,-173.93,-0.24
1560395210155735344,-173.93,0.05
1560395210255890055,-173.93,0.11
1560395210356048647,-173.93,0.09
1560395210456254269,-173.93,0.14
1560395210556476755,-173.93,0.1
1560395210656635968,-173.93,0.14
1560395210756833585,-173.93,0.04
1560395210857002024,-173.92,0
1560395210957203097,-173.92,0.03
1560395211057433913,-173.92,0.07
1560395211157584818,-173.92,-0.09
1560395211257736848,-173.93,-0.25
1560395211357902929,-173.93,0
1560395211458078098,-173.93,0.19
1560395211558268085,-173.93,0.03
1560395211658464297,-173.92,0.12
1560395211758650959,-173.92,0.28
1560395211858835971,-173.92,0.19
1560395211958980352,-173.92,-0.05
1560395212059172853,-173.92,-0.24
1560395212159364037,-173.92,-0.2
1560395212259560301,-173.92,-0.16
1560395212359765153,-173.93,-0.31
1560395212459957625,-173.93,-0.42
1560395212560159089,-173.94,-0.47
1560395212660326135,-173.94,-0.56
1560395212760549120,-173.95,-0.63
1560395212860728057,-173.95,-0.68
1560395212960950601,-173.96,-0.1
1560395213061131573,-173.96,-0.08
1560395213161284845,-173.96,-0.21
1560395213261421813,-173.96,-0.04
1560395213361578084,-173.96,0.2
1560395213461828866,-173.96,0.32
1560395213562061699,-173.95,0.23
1560395213662217785,-173.95,0.14
1560395213762380627,-173.95,-0.02
1560395213862681129,-173.95,-0.23
1560395213962901291,-173.96,-0.41
1560395214063097497,-173.96,-0.21
1560395214163308083,-173.96,0.06
1560395214263511919,-173.96,-0.06
1560395214363706969,-173.96,-0.14
1560395214463916559,-173.96,-0.21
1560395214564075198,-173.96,0.02
1560395214664284307,-173.96,0.15
1560395214764467184,-173.96,-0.07
1560395214864687973,-173.96,0.1
1560395214964883204,-173.96,0.34
1560395215065081369,-173.96,0.18
1560395215165252653,-173.96,-0.07
1560395215265388975,-173.96,0.02
1560395215365601395,-173.96,0.13
1560395215465810691,-173.96,0.08
1560395215566044102,-173.95,0.11
1560395215666264331,-173.95,0.22
1560395215766473510,-173.95,0.36
1560395215866613364,-173.95,0.1
1560395215966745291,-173.95,0.02
1560395216066892464,-173.95,0.08
1560395216167018579,-173.94,0.48
1560395216267177628,-173.94,0.12
1560395216367356300,-173.94,-0.15
1560395216467548200,-173.94,-0.16
1560395216567671402,-173.94,0
1560395216667825896,-173.94,-0.16
1560395216768155597,-173.95,-0.09
1560395216868518051,-173.95,-0.2
1560395216968753016,-173.95,-0.18
1560395217068928151,-173.95,-0.77
1560395217169271142,-173.96,-1.26
1560395217269667835,-173.98,-1.46
1560395217369832303,-174,-2.12
1560395217469960061,-174.02,-2.96
1560395217570138380,-174.05,-3.66
1560395217670430175,-174.09,-4.55
1560395217770702659,-174.14,-5.12
1560395217870921826,-174.2,-5.99
1560395217971129937,-174.26,-6.9
1560395218071357364,-174.33,-7.36
1560395218171609602,-174.41,-7.99
1560395218271812303,-174.49,-8.63
1560395218372038021,-174.58,-8.74
1560395218472225071,-174.67,-8.77
1560395218572547660,-174.76,-8.64
1560395218672742086,-174.84,-8.56
1560395218772934331,-174.93,-8.11
1560395218873076584,-175,-7.62
1560395218973259178,-175.08,-7.43
1560395219073419731,-175.15,-7.31
1560395219173589146,-175.22,-7.05
1560395219273788261,-175.29,-6.83
1560395219373944169,-175.36,-6.54
1560395219474085392,-175.43,-6.46
1560395219574284965,-175.49,-6.47
1560395219674452772,-175.55,-6.15
1560395219774627567,-175.61,-5.96
1560395219874818591,-175.67,-6.02
1560395219974962309,-175.73,-6.01
1560395220075103144,-175.79,-6.09
1560395220175301586,-175.86,-6.17
1560395220275500993,-175.92,-6.45
1560395220375703247,-175.98,-6.55
1560395220475861817,-176.05,-6.52
1560395220576186319,-176.11,-6.62
1560395220676345834,-176.18,-6.93
1560395220776553863,-176.25,-7.12
1560395220876778219,-176.32,-7.21
1560395220977068512,-176.4,-7.04
1560395221077352916,-176.47,-7.02
1560395221177549978,-176.54,-6.93
1560395221277702349,-176.6,-6.6
1560395221377875688,-176.67,-6.47
1560395221478080471,-176.73,-6.56
1560395221578296065,-176.8,-6.61
1560395221678439882,-176.86,-6.42
1560395221778581697,-176.93,-6.48
1560395221878780298,-176.99,-6.55
1560395221978920802,-177.06,-6.49
1560395222079123295,-177.12,-6.22
1560395222179267093,-177.19,-6.31
1560395222279451601,-177.25,-6.52
1560395222379670671,-177.31,-6.43
1560395222479815545,-177.38,-6.25
1560395222580001528,-177.44,-6.47
1560395222680166066,-177.51,-6.7
1560395222780327277,-177.58,-6.83
1560395222880483239,-177.64,-6.64
1560395222980635371,-177.71,-6.67
1560395223080825138,-177.78,-6.84
1560395223181026445,-177.85,-6.84
1560395223281184634,-177.91,-6.62
1560395223381379631,-177.98,-6.88
1560395223481604828,-178.05,-6.87
1560395223581755268,-178.12,-6.61
1560395223681931556,-178.18,-6.53
1560395223782121079,-178.25,-6.72
1560395223882317614,-178.32,-6.96
1560395223982505075,-178.39,-7.16
1560395224082733927,-178.46,-7.06
1560395224182913987,-178.53,-7.33
1560395224283111666,-178.6,-7.25
1560395224383329091,-178.67,-7.07
1560395224483516789,-178.74,-6.54
1560395224583867705,-178.81,-6.49
1560395224684157185,-178.87,-6.46
1560395224784347175,-178.94,-6.26
1560395224884655334,-179,-6
1560395224984975238,-179.06,-6.24
1560395225085340134,-179.12,-6.3
1560395225185593547,-179.18,-6.32
1560395225285921498,-179.25,-6.34
1560395225386112551,-179.31,-6.69
1560395225486316066,-179.38,-7.22
1560395225586488708,-179.45,-7.22
1560395225686651338,-179.53,-6.96
1560395225786848081,-179.6,-7.26
1560395225887008141,-179.67,-7.37
1560395225987171319,-179.74,-7.09
1560395226087320367,-179.81,-6.84
1560395226187484458,-179.88,-6.91
1560395226287715217,-179.95,-6.96
1560395226387893535,179.97,-6.87
1560395226488100792,179.9,-6.8
1560395226588308894,179.83,-6.92
1560395226688517666,179.76,-6.95
1560395226788687102,179.7,-6.78
1560395226888906251,179.63,-6.51
1560395226989136797,179.56,-6.66
1560395227089280704,179.5,-6.77
1560395227189492059,179.43,-6.61
1560395227289662636,179.37,-6.29
1560395227389813844,179.3,-6.32
1560395227489965129,179.24,-6.36
1560395227590158865,179.18,-6.19
1560395227690343165,179.11,-6.16
1560395227790514955,179.05,-6.39
1560395227890732095,178.99,-6.5
1560395227990936410,178.92,-6.69
1560395228091148642,178.85,-6.64
1560395228191365947,178.79,-6.73
1560395228291580077,178.72,-6.85
1560395228391779790,178.65,-6.75
1560395228491954399,178.58,-6.85
1560395228592124196,178.52,-6.9
1560395228692327974,178.45,-6.96
1560395228792521231,178.38,-6.87
1560395228892648513,178.31,-6.89
1560395228992900334,178.24,-6.94
1560395229093107271,178.17,-6.94
1560395229193326822,178.1,-6.79
1560395229293526892,178.03,-6.8
1560395229393670697,177.97,-6.7
1560395229493899221,177.9,-6.64
1560395229594080491,177.83,-6.5
1560395229694284468,177.77,-6.54
1560395229794505666,177.7,-6.53
1560395229894740135,177.64,-6.33
1560395229994958330,177.58,-6.24
1560395230095154711,177.51,-6.43
1560395230195288436,177.45,-6.61
1560395230295451141,177.38,-6.69
1560395230395649339,177.31,-6.66
1560395230495792125,177.25,-6.88
1560395230596008585,177.18,-6.84
1560395230696179093,177.11,-6.71
1560395230796299643,177.04,-6.61
1560395230896548458,176.98,-6.64
1560395230996749389,176.91,-6.77
1560395231097034025,176.84,-6.58
1560395231197211144,176.78,-6.37
1560395231297366934,176.71,-6.65
1560395231397587231,176.65,-6.67
1560395231497762210,176.58,-6.55
1560395231598059022,176.52,-6.42
1560395231698233831,176.45,-6.71
1560395231798418593,176.38,-7.06
1560395231898633396,176.31,-6.95
1560395231998856649,176.24,-6.43
1560395232099072945,176.18,-6.8
1560395232199308142,176.11,-6.91
1560395232299570529,176.04,-6.7
1560395232399911655,175.98,-6.51
1560395232500311075,175.91,-6.7
1560395232600770715,175.84,-6.85
1560395232701103742,175.77,-6.81
1560395232801329641,175.71,-6.69
1560395232901495072,175.64,-6.86
1560395233001686936,175.57,-7.07
1560395233101859844,175.5,-6.99
1560395233202043495,175.43,-6.81
1560395233302213336,175.36,-7.06
1560395233402354144,175.29,-7.3
1560395233502544745,175.22,-7.11
1560395233602697853,175.15,-6.79
1560395233702846774,175.08,-6.97
1560395233803039048,175.01,-7.02
1560395233903200117,174.94,-6.77
1560395234003397236,174.87,-6.55
1560395234103546733,174.81,-6.69
1560395234203746148,174.74,-6.68
1560395234303912946,174.67,-6.66
1560395234404073463,174.61,-6.45
1560395234504294184,174.54,-6.39
1560395234604508180,174.48,-6.43
1560395234704635937,174.42,-6.25
1560395234804784400,174.35,-6.19
1560395234904954757,174.29,-6.32
1560395235005150717,174.23,-6.4
1560395235105356096,174.16,-6.54
1560395235205570616,174.1,-6.64
1560395235305711676,174.03,-6.84
1560395235405867781,173.96,-7.11
1560395235506077606,173.89,-7.06
1560395235606288881,173.82,-7.08
1560395235706447172,173.75,-7.08
1560395235806587154,173.68,-7
1560395235906803675,173.61,-6.99
1560395236006997583,173.54,-6.92
1560395236107158507,173.47,-6.82
1560395236207306435,173.4,-6.69
1560395236307591751,173.33,-6.55
1560395236407763195,173.27,-6.67
1560395236507935108,173.2,-6.71
1560395236608109192,173.13,-6.77
1560395236708347391,173.07,-6.84
1560395236808543070,173,-6.8
1560395236908745167,172.93,-6.78
1560395237008900179,172.86,-6.64
1560395237109092076,172.8,-6.32
1560395237209225629,172.74,-6.29
1560395237309455718,172.67,-6.22
1560395237409630769,172.61,-5.97
1560395237509786815,172.55,-5.78
1560395237609971151,172.49,-5.9
1560395237710109048,172.43,-6.1
1560395237810321519,172.37,-6.06
1560395237910485996,172.31,-6.12
1560395238010747705,172.25,-6.62
1560395238110977716,172.18,-7.01
1560395238211210846,172.11,-7.02
1560395238311358354,172.04,-6.78
1560395238411563593,171.97,-6.98
1560395238511806584,171.9,-7.18
1560395238611962617,171.83,-6.82
1560395238712120760,171.77,-6.4
1560395238812367808,171.7,-6.58
1560395238912546930,171.64,-6.6
1560395239012724590,171.57,-6.5
1560395239112881295,171.51,-6.22
1560395239213106361,171.44,-6.36
1560395239313296339,171.38,-6.51
1560395239413477684,171.32,-6.28
1560395239513711621,171.25,-6.09
1560395239613907846,171.19,-6.44
1560395239714059123,171.12,-6.8
1560395239814409023,171.06,-6.87
1560395239914649302,170.99,-6.43
1560395240015042124,170.92,-6.65
1560395240115276089,170.86,-6.86
1560395240215599399,170.79,-6.56
1560395240315778027,170.73,-6.32
1560395240415931245,170.66,-6.55
1560395240516128449,170.59,-6.64
1560395240616250831,170.53,-6.79
1560395240716412327,170.46,-6.67
1560395240816612709,170.39,-6.78
1560395240916795972,170.33,-6.85
1560395241016924299,170.26,-6.65
1560395241117090896,170.19,-6.62
1560395241217278037,170.12,-6.85
1560395241317454398,170.06,-6.9
1560395241417574451,169.99,-6.96
1560395241517773299,169.92,-7.02
1560395241617957608,169.85,-7.05
1560395241718140224,169.78,-7.02
1560395241818277200,169.7,-7.03
1560395241918438969,169.63,-7.11
1560395242018619160,169.56,-6.91
1560395242118818298,169.5,-6.79
1560395242219011930,169.43,-6.73
1560395242319221603,169.36,-6.54
1560395242419512259,169.3,-6.31
1560395242519663695,169.24,-6.09
1560395242619865222,169.17,-6.04
1560395242720013699,169.11,-6.33
1560395242820267376,169.05,-6.56
1560395242920453570,168.98,-6.81
1560395243020614107,168.91,-6.96
1560395243120811460,168.84,-7.2
1560395243220998167,168.77,-7.07
1560395243321169041,168.7,-6.68
1560395243421362949,168.64,-6.55
1560395243521521988,168.57,-6.56
1560395243621745504,168.51,-6.46
1560395243721946130,168.44,-6.28
1560395243822086476,168.38,-6.05
1560395243922288293,168.32,-6.19
1560395244022483607,168.26,-6.26
1560395244122664433,168.19,-6.08
1560395244222866722,168.13,-6.11
1560395244323066332,168.07,-6.52
1560395244423255433,168,-6.83
1560395244523421165,167.94,-6.77
1560395244623662020,167.87,-6.38
1560395244723794522,167.81,-6.69
1560395244823973276,167.74,-6.91
1560395244924127905,167.67,-6.72
1560395245024271156,167.6,-6.39
1560395245124458753,167.54,-6.59
1560395245224613311,167.47,-6.64
1560395245324850468,167.41,-6.58
1560395245425028193,167.34,-6.49
1560395245525208887,167.27,-6.74
1560395245625357148,167.21,-6.93
1560395245725534555,167.14,-6.89
1560395245825715760,167.07,-6.58
1560395245925862011,167,-6.87
1560395246026027294,166.93,-7.28
1560395246126266153,166.86,-7.08
1560395246226426214,166.79,-6.73
1560395246326621893,166.72,-6.88
1560395246426835664,166.65,-7.02
1560395246527040395,166.59,-6.73
1560395246627174640,166.52,-6.41
1560395246727326111,166.45,-6.62
1560395246827464366,166.39,-6.67
1560395246927619322,166.32,-6.73
1560395247027843912,166.25,-6.61
1560395247128038700,166.19,-6.6
1560395247228191940,166.12,-6.71
1560395247328324076,166.06,-6.54
1560395247428515016,165.99,-6.28
1560395247528776083,165.93,-6.44
1560395247628979099,165.86,-6.47
1560395247729229732,165.8,-6.52
1560395247829557557,165.73,-6.52
1560395247930036805,165.67,-6.76
1560395248030388750,165.6,-6.96
1560395248130783553,165.53,-6.95
1560395248231339121,165.39,-6.99
1560395248331574728,165.32,-6.95
1560395248431748730,165.25,-6.9
1560395248531942136,165.18,-6.72
1560395248632106092,165.11,-6.69
1560395248732282939,165.05,-6.62
1560395248832535426,164.98,-6.37
1560395248932884023,164.85,-6.64
1560395249033032567,164.79,-6.83
1560395249133240427,164.72,-6.79
1560395249233434668,164.65,-6.85
1560395249333638913,164.58,-6.93
1560395249433849524,164.51,-6.77
1560395249534035790,164.45,-6.37
1560395249634302258,164.32,-6.39
1560395249734497569,164.26,-6.28
1560395249834658616,164.19,-6.13
1560395249934814735,164.13,-6.32
1560395250035033498,164.07,-6.46
1560395250135205654,164,-6.52
1560395250235371029,163.94,-6.55
1560395250335542600,163.87,-6.75
1560395250435715827,57.54,0.08
1560395250535904031,57.54,0
1560395250636047456,57.54,0.11
1560395250736234609,57.54,0.01
1560395250836432471,57.54,0.2
1560395250936629222,57.54,0.07
1560395251036771866,57.54,0.23
1560395251136995283,57.55,0.43
1560395251237192327,57.55,0.4
1560395251337374012,57.55,0.06
1560395251437588332,57.56,0.09
1560395251537763304,57.56,0
1560395251637908033,57.56,0.07
1560395251738116146,57.56,-0.14
1560395251838278734,57.55,-0.28
1560395251938527238,57.55,-0.23
1560395252038714530,57.55,-0.27
1560395252138889924,57.55,-0.12
1560395252239085896,57.55,0.13
1560395252339316060,57.55,0.11
1560395252439521675,57.55,0.08
1560395252539683883,57.55,-0.1
1560395252639887045,57.55,0.08
1560395252740097312,57.55,0.25
1560395252840299244,57.55,0.25
1560395252940460403,57.55,0.06
1560395253040659296,57.56,0.13
1560395253140815148,57.56,-0.16
1560395253240968555,57.55,0.1
1560395253341131989,57.55,-0.16
1560395253441290573,57.55,-0.16
1560395253541496910,57.55,0.04
1560395253641718128,57.55,-0.02
1560395255044344496,57.54,-0.16
1560395255144626835,57.54,-0.03
1560395255244950587,57.54,-0.03
1560395255345363835,57.54,0.02
1560395255445624775,57.54,0.18
1560395255545818807,57.55,0.07
1560395255646130839,57.55,0.05
1560395255746335129,57.55,0.13
1560395255846540478,57.55,0.08
1560395255946721583,57.55,0.17
1560395256046924716,57.55,0.04
1560395256147181085,57.55,-0.09
1560395256247434491,57.55,-0.01
1560395256347649789,57.55,-0.06
1560395256447816900,57.55,-0.16
1560395256548021195,57.55,-0.38
1560395256648222369,57.54,-0.41
1560395256748473543,57.54,-0.41
1560395256848687935,57.53,-0.49
1560395256948882859,57.53,-0.17
1560395257049083755,57.53,0.12
1560395257149282342,57.53,0.16
1560395257249439190,57.53,0.17
1560395257349642470,57.53,0.28
1560395257449843660,57.54,0.22
1560395257550036682,57.54,0.26
1560395257650199308,57.54,0.05
1560395257750386596,57.54,-0.11
1560395257850539673,57.54,-0.12
1560395257950741026,57.54,-0.04
1560395258050922196,57.54,-0.31
1560395258151087931,57.53,-0.35
1560395258251252019,57.53,-0.45
1560395258351472016,57.53,-0.2
1560395258451645799,57.53,-0.04
1560395258551861417,57.53,0.33
1560395258652054987,57.53,0.32
1560395258752335576,57.53,0.06
1560395258852527521,57.53,-0.04
1560395258952693754,57.53,0.15
1560395259052888088,57.53,-0.07
1560395259153096194,57.53,0.03
1560395259253259729,57.53,-0.25
1560395259353499629,57.53,-0.12
1560395259453702784,57.53,-0.11
1560395259553906323,57.53,-0.12
1560395259654058023,57.53,-0.09
1560395259754214375,57.53,0.08
1560395259854412592,57.53,0.15
1560395259954642123,57.53,0.17
1560395260054847863,57.53,0.15
1560395260155130844,57.53,0.34
1560395260255310922,57.54,0.41
1560395260355474266,57.54,0.36
1560395260455669304,57.54,0.39
1560395260555823258,57.55,0.56
1560395260656015387,57.55,0.55
1560395260756166715,57.56,0.5
1560395260856384676,57.56,-0.03
1560395260956578199,57.56,0.01
1560395261056730811,57.56,0.05
1560395261156950925,57.56,0.06
1560395261257102103,57.56,-0.13
1560395261357241868,57.56,-0.24
1560395261457392469,57.56,0
1560395261557623670,57.56,0.09
1560395261657912069,57.56,0.09
1560395261758052290,57.56,0.43
1560395261858252875,57.57,0.46
1560395261958386143,57.57,0.42
1560395262058617992,57.58,0.37
1560395262158834755,57.58,0.18
1560395262258992676,57.58,0.45
1560395262359196622,57.59,0.54
1560395262459460590,57.59,0.08
1560395262559620225,57.59,-0.05
1560395262659818660,57.59,-0.17
1560395262759978795,57.59,-0.12
1560395262860169592,57.59,-0.11
1560395262960440019,57.59,-0.16
1560395263060681419,57.58,-0.03
1560395263160984724,57.58,0.05
1560395263261317074,57.58,-0.01
1560395263361514934,57.59,0.12
1560395263461856248,57.59,-0.09
1560395263562086018,57.58,0.01
1560395263662252230,57.59,0.08
1560395263762452097,57.59,-0.09
1560395263862688901,57.58,-0.02
1560395263962845605,57.58,-0.13
1560395264063362934,57.58,-0.37
1560395264163676610,57.58,-0.17
1560395264263861434,57.58,-0.37
1560395264364082626,57.57,-0.36
1560395264464255082,57.57,-0.48
1560395264564429012,57.56,-0.42
1560395264664687322,57.56,-0.22
1560395264764874997,57.56,-0.09
1560395264865070748,57.56,-0.09
1560395264965267583,57.56,0.05
1560395265065419452,57.56,-0.07
1560395265165556463,57.56,-0.03
1560395265265754986,57.56,0.03
1560395265366003862,57.56,0.24
1560395265466200070,57.56,0.25
1560395265566367966,57.56,-0.05
1560395265666558148,57.56,-0.02
1560395265766699340,57.56,-0.06
1560395265866900101,57.56,0
1560395265967085873,57.56,-0.04
1560395266067263287,57.56,0.05
1560395266167423968,57.56,0.36
1560395266267607745,57.57,0.11
1560395266367778798,57.57,-0.03
1560395266468027358,57.57,0.06
1560395266568224319,57.57,-0.15
1560395266668379391,57.57,0.16
1560395266768554572,57.57,0.13
1560395266868738465,57.57,0.1
1560395266968907840,57.57,0.38
1560395267069119479,57.57,0.15
1560395267169313645,57.57,-0.07
1560395267269541560,57.57,-0.04
1560395267369683754,57.57,0.05
1560395267469811841,57.58,0.4
1560395267570095243,57.58,-0.08
1560395267670282632,57.58,-0.25
1560395267770442094,57.57,-0.19
1560395267870575160,57.57,-0.2
1560395267970860108,57.57,-0.18
1560395268071071370,57.57,0.03
1560395268171252285,57.57,0.02
1560395268271465468,57.57,-0.02
1560395268371646880,57.57,-0.04
1560395268471800099,57.57,0.07
1560395268572017398,57.57,0.08
1560395268672182729,57.57,0.05
1560395268772368464,57.57,-0.07
1560395268872554575,57.57,-0.02
1560395268972710773,57.57,0.08
1560395269072921195,57.57,0
1560395269173117630,57.57,-0.1
1560395269273267275,57.57,-0.12
1560395269373510777,57.57,-0.02
1560395269473681875,57.57,-0.03
1560395269573872967,57.57,-0.04
1560395269674070612,57.57,0.16
1560395269774259894,57.57,0.1
1560395269874418116,57.57,0
1560395269974581853,57.57,0.17
1560395270074749465,57.57,0.24
1560395270174920558,57.57,0.14
1560395270275149287,57.58,0.03
1560395270375376178,57.58,-0.05
1560395270475730362,57.58,0.15
1560395270576049315,57.58,0.1
1560395270676294366,57.58,-0.06
1560395270776676750,57.58,-0.06
1560395270876968523,57.58,-0.15
1560395270977115888,57.57,-0.03
1560395271077483645,57.57,0.01
1560395271177658648,57.58,0.11
1560395271277889233,57.58,0.25
1560395271378120154,57.58,0.12
1560395271478315982,57.58,-0.15
1560395271578503014,57.58,-0.02
1560395271678697454,57.58,-0.04
1560395271778840137,57.58,0.11
1560395271879039887,57.58,-0.07
1560395271979176641,57.58,-0.13
1560395272079320525,57.58,-0.16
1560395272179505627,57.58,0
1560395272279667117,57.57,-0.09
1560395272379860846,57.57,-0.06
1560395272480008307,57.57,0.12
1560395272580173939,57.58,0.14
1560395272680368849,57.58,0.08
1560395272780579129,57.58,0.09
1560395272880781062,57.58,0.1
1560395272980925113,57.58,0.4
1560395273081085249,57.58,0.07
1560395273181287742,57.58,0.07
1560395273281474274,57.58,0.15
1560395273381619911,57.59,-0.04
1560395273481785567,57.58,-0.19
1560395273581934902,57.58,-0.27
1560395273682113192,57.58,-0.01
1560395273782309202,57.58,0.16
1560395273882505090,57.58,-0.15
1560395273982696017,57.58,-0.09
1560395274082847137,57.58,-0.07
1560395274182982909,57.58,0.05
1560395274283182408,57.58,0.02
1560395274383465551,57.58,0.13
1560395274483674838,57.58,0.1
1560395274583863974,57.58,0.07
1560395274684064045,57.58,0.01
1560395274784255069,57.58,0.13
1560395274884485944,57.58,0.11
1560395274984635829,57.59,0.38
1560395275084838677,57.59,0.14
1560395275185052839,57.59,0
1560395275285255880,57.59,-0.11
1560395275385410960,57.59,-0.23
1560395275485622511,57.59,-0.32
1560395275585806534,57.58,-0.15
1560395275685954430,57.58,-0.17
1560395275786161556,57.58,-0.2
1560395275886392983,57.58,0.05
1560395275986617080,57.58,0.18
1560395276086820705,57.58,0.05
1560395276187018962,57.58,0.19
1560395276287216530,57.58,0.18
1560395276387419122,57.59,0.1
1560395276487583273,57.59,0.14
1560395276587729955,57.59,-0.17
1560395276687888451,57.58,-0.2
1560395276788034534,57.58,-0.09
1560395276888261082,57.58,-0.21
1560395276988577050,57.58,-0.37
1560395277088794001,57.58,-0.44
1560395277188982203,57.57,-0.5
1560395277289200866,57.57,-0.11
1560395277389332081,57.57,-0.02
1560395277489483934,57.57,0.16
1560395277589694125,57.57,0.46
1560395277689920767,57.57,0.26
1560395277790133086,57.58,0.27
1560395277890319693,57.58,0.17
1560395277990490159,57.58,0.45
1560395278090659830,57.59,0.58
1560395278190950618,57.59,0.38
1560395278291348273,57.59,0.1
1560395278391684093,57.59,-0.04
1560395278491870494,57.59,-0.1
1560395278592030909,57.59,-0.17
1560395278692203056,57.59,-0.18
1560395278792553759,57.59,0
1560395278892762935,57.59,0.04
1560395278992912153,57.59,0.03
1560395279093063844,57.59,0.1
1560395279193245566,57.59,0
1560395279293444652,57.59,0.07
1560395279393616307,57.59,-0.13
1560395279493771786,57.59,0.07
1560395279594021000,57.59,0.12
1560395279694169085,57.59,0.08
1560395279794324109,57.59,0.09
1560395279894489513,57.59,-0.17
1560395279994657498,57.59,0.17
1560395280094802983,57.6,0.18
1560395280194925121,57.6,-0.02
1560395280295138169,57.6,-0.11
1560395280395281135,57.59,-0.09
1560395280495514620,57.59,0.03
1560395280595730994,57.59,-0.22
1560395280695947799,57.59,-0.54
1560395280796166732,57.58,-0.96
1560395280896319229,57.57,-1.73
1560395280996486018,57.55,-2.48
1560395281096616210,57.52,-3.1
1560395281196902122,57.49,-3.73
1560395281297132524,57.45,-4.2
1560395281397337987,57.4,-4.79
1560395281497517195,57.35,-5.66
1560395281597791982,57.29,-6.28
1560395281697955846,57.22,-6.75
1560395281798127578,57.15,-7.48
1560395281898325267,57.08,-7.99
1560395281998497931,56.99,-8.6
1560395282098705889,56.91,-8.54
1560395282198897988,56.82,-8.59
1560395282299051276,56.74,-8.56
1560395282399293694,56.65,-8.29
1560395282499439731,56.57,-7.69
1560395282599607741,56.49,-7.62
1560395282699821651,56.42,-7.18
1560395282800081411,56.35,-6.51
1560395282900304512,56.29,-6.36
1560395283000520070,56.22,-6.39
1560395283100642986,56.16,-6.22
1560395283200835334,56.1,-6.25
1560395283300983054,56.04,-6.04
1560395283401143544,55.98,-6.26
1560395283501331422,55.91,-6.46
1560395283601482899,55.85,-6.28
1560395283701652433,55.79,-6.22
1560395283801874550,55.72,-6.57
1560395283902004435,55.66,-6.56
1560395284002166438,55.59,-6.44
1560395284102302308,55.53,-6.67
1560395284202433464,55.46,-6.87
1560395284302652831,55.39,-6.6
1560395284402862378,55.33,-6.35
1560395284503068932,55.26,-6.45
1560395284603268049,55.2,-6.78
1560395284703456952,55.13,-6.93
1560395284803696031,55.06,-6.76
1560395284903946769,54.99,-6.66
1560395285004166051,54.92,-6.91
1560395285104326246,54.86,-6.72
1560395285204515283,54.79,-6.48
1560395285304705444,54.73,-6.43
1560395285404899542,54.66,-6.66
1560395285505058669,54.59,-6.51
1560395285605250805,54.53,-6.27
1560395285705470341,54.47,-6.33
1560395285805630686,54.4,-6.65
1560395285905815585,54.34,-6.71
1560395286006101633,54.27,-6.72
1560395286106473208,54.2,-6.9
1560395286206737494,54.13,-7.09
1560395286307017847,54.06,-7.14
1560395286407189764,53.99,-6.82
1560395286507359443,53.92,-6.77
1560395286607543855,53.85,-6.71
1560395286707760040,53.79,-6.63
1560395286807945121,53.72,-6.28
1560395286908175385,53.66,-6.18
1560395287008395339,53.6,-6.26
1560395287108755313,53.54,-6.36
1560395287209053929,53.47,-6.36
1560395287309256953,53.41,-6.51
1560395287409460550,53.34,-6.6
1560395287509688689,53.28,-6.58
1560395287609893705,53.21,-6.46
1560395287710051921,53.15,-6.63
1560395287810230558,53.08,-6.78
1560395287910521546,53.01,-6.78
1560395288010740170,52.94,-6.84
1560395288110913636,52.87,-6.88
1560395288211131674,52.8,-6.89
1560395288311304208,52.74,-6.8
1560395288411468764,52.67,-6.84
1560395288511733530,52.6,-7.1
1560395288611904966,52.53,-7.04
1560395288712139021,52.46,-6.75
1560395288812332867,52.39,-6.79
1560395288912520505,52.32,-6.97
1560395289012730853,52.25,-6.71
1560395289112901497,52.19,-6.36
1560395289213083221,52.12,-6.42
1560395289313263077,52.06,-6.63
1560395289413409550,51.99,-6.37
1560395289513541805,51.93,-6.29
1560395289613765621,51.87,-6.38
1560395289713964097,51.8,-6.68
1560395289814123896,51.74,-6.75
1560395289914301461,51.67,-6.5
1560395290014551614,51.6,-6.38
1560395290114769899,51.54,-6.78
1560395290214976400,51.47,-6.63
1560395290315156408,51.41,-6.38
1560395290415384116,51.34,-6.6
1560395290515574026,51.27,-6.81
1560395290615766839,51.21,-6.57
1560395290715944459,51.14,-6.45
1560395290816238367,51.08,-6.51
1560395290916461634,51.01,-6.86
1560395291016644437,50.94,-7.11
1560395291116818811,50.87,-7.05
1560395291217027408,50.8,-7.05
1560395291317201841,50.73,-7.2
1560395291417388778,50.66,-6.93
1560395291517595961,50.59,-6.64
1560395291617782873,50.52,-6.41
1560395291717986839,50.46,-6.61
1560395291818180570,50.39,-6.54
1560395291918349679,50.33,-6.22
1560395292018561614,50.27,-6.2
1560395292118778060,50.2,-6.51
1560395292218975531,50.14,-6.48
1560395292319196611,50.07,-6.51
1560395292419373359,50.01,-6.6
1560395292519597220,49.94,-7.04
1560395292619772997,49.87,-7.17
1560395292719938545,49.8,-6.91
1560395292820142361,49.73,-6.96
1560395292920340052,49.66,-7.13
1560395293020512896,49.59,-7.06
1560395293120699766,49.52,-6.88
1560395293220840330,49.45,-6.75
1560395293321063373,49.38,-6.8
1560395293421360236,49.31,-6.98
1560395293521740175,49.25,-6.84
1560395293622242490,49.18,-6.81
1560395293722603688,49.11,-6.81
1560395293822829730,49.04,-6.62
1560395293923033588,48.98,-6.35
1560395294023196004,48.91,-6.47
1560395294123410856,48.85,-6.54
1560395294223623985,48.78,-6.56
1560395294323841688,48.72,-6.58
1560395294424020065,48.65,-6.54
1560395294524200382,48.59,-6.54
1560395294624365062,48.52,-6.61
1560395294724544656,48.45,-6.49
1560395294824751781,48.39,-6.75
1560395294924939366,48.32,-6.77
1560395295025190634,48.25,-6.63
1560395295125371710,48.19,-6.6
1560395295225564832,48.12,-6.69
1560395295325801307,48.05,-6.5
1560395295425983702,47.99,-6.38
1560395295526160680,47.93,-6.44
1560395295626342539,47.86,-6.84
1560395295726538891,47.79,-6.84
1560395295826737459,47.72,-6.81
1560395295926935734,47.65,-6.88
1560395296027159949,47.58,-7.22
1560395296127334079,47.51,-7.16
1560395296227485287,47.44,-6.98
1560395296327704877,47.37,-6.9
1560395296427933819,47.3,-7.03
1560395296528246395,47.23,-6.69
1560395296628493198,47.17,-6.39
1560395296728660205,47.1,-6.51
1560395296828848169,47.04,-6.67
1560395296928983956,46.97,-6.41
1560395297029150629,46.91,-6.17
1560395297129342695,46.85,-6.29
1560395297229554397,46.78,-6.58
1560395297329719398,46.72,-6.76
1560395297429923817,46.65,-6.81
1560395297530120662,46.58,-6.86
1560395297630330592,46.51,-7.2
1560395297730501409,46.44,-6.96
1560395297830648293,46.37,-6.59
1560395297930924489,46.31,-6.51
1560395298031148616,46.24,-6.74
1560395298131374991,46.17,-6.69
1560395298231536001,46.11,-6.54
1560395298331791578,46.04,-6.54
1560395298431927779,45.97,-7.03
1560395298532191170,45.9,-7.04
1560395298632335792,45.83,-6.93
1560395298732477477,45.76,-7.07
1560395298832648654,45.69,-7.44
1560395298932847204,45.62,-7.41
1560395299033025377,45.54,-7.02
1560395299133158872,45.47,-6.92
1560395299233321585,45.41,-6.95
1560395299333564889,45.34,-6.82
1560395299433720315,45.27,-6.39
1560395299533879127,45.21,-6.25
1560395299634026760,45.14,-6.47
1560395299734195748,45.08,-6.6
1560395299834349102,45.01,-6.45
1560395299934495951,44.95,-6.66
1560395300034663036,44.88,-7.01
1560395300134859135,44.81,-6.9
1560395300235062589,44.74,-6.68
1560395300335265552,44.67,-6.66
1560395300435483133,44.61,-6.84
1560395300535706686,44.54,-6.92
1560395300635919462,44.47,-6.75
1560395300736190641,44.4,-6.72
1560395300836568046,44.34,-6.78
1560395300936995746,44.27,-6.75
1560395301037364389,44.2,-6.65
1560395301137665931,44.13,-6.82
1560395301237992767,44.06,-6.89
1560395301338194906,44,-6.8
1560395301438545669,43.93,-6.63
1560395301538740088,43.86,-6.61
1560395301638931550,43.8,-6.42
1560395301739186284,43.67,-6.23
1560395301839410644,43.61,-6.16
1560395301939568650,43.55,-6.28
1560395302039738037,43.48,-6.26
1560395302139961999,43.42,-6.15
1560395302240155876,43.36,-6.48
1560395302340385314,43.29,-6.63
1560395302440664831,43.16,-6.81
1560395302540875350,43.09,-6.89
1560395302641117702,43.02,-6.91
1560395302741308841,42.95,-6.84
1560395302841509536,42.88,-6.78
1560395302941709514,42.82,-6.89
1560395303041868998,42.75,-6.59
1560395303142138083,42.62,-6.3
1560395303242314345,42.56,-6.57
1560395303342501408,42.49,-6.57
1560395303442765271,42.42,-6.46
1560395303542956922,42.36,-6.6
1560395303643180139,42.29,-6.81
1560395303743368622,42.22,-6.68
1560395303843509839,42.16,-6.52
1560395303943753938,38.05,-6.7
1560395304044003094,37.98,-7.82
1560395304144240212,37.91,-6.44
1560395304244457929,37.84,-7.2
1560395304344638920,37.77,-6.89
1560395304444821996,37.7,-7.02
1560395304545010375,37.63,-7.28
1560395304645216494,37.56,-6.66
1560395304745437669,37.49,-6.87
1560395304845592274,37.42,-7.01
1560395304945788605,37.35,-6.62
1560395305045954170,37.29,-6.81
1560395305146123519,37.22,-6.57
1560395305246370115,37.15,-6.72
1560395305346578141,37.09,-6.62
1560395305446732098,37.02,-6.5
1560395305546931017,36.95,-6.72
1560395305647112396,36.89,-6.74
1560395305747300559,36.82,-6.37
1560395305847502699,36.76,-6.53
1560395305947701921,36.69,-6.61
1560395306047824484,36.63,-6.52
1560395306147992874,36.56,-6.86
1560395306248204546,36.49,-6.58
1560395306348376629,36.43,-6.45
1560395306448599190,36.36,-7.63
1560395306548840855,36.29,-6.48
1560395306649056986,36.22,-6.91
1560395306749221962,36.15,-7.05
1560395306849390627,36.08,-6.51
1560395306949531218,36.01,-6.8
1560395307049748790,35.95,-6.68
1560395307149962745,35.88,-6.59
1560395307250160450,35.81,-6.95
1560395307350434800,35.74,-6.78
1560395307450583811,35.68,-6.8
1560395307550777486,35.61,-7.13
1560395307650956467,35.54,-7.13
1560395307751135472,35.46,-7.05
1560395307851334934,35.39,-7.06
1560395307951556265,35.32,-6.94
1560395308051755319,35.25,-6.89
1560395308152078406,35.19,-6.67
1560395308252323953,35.12,-6.46
1560395308352593793,35.06,-6.46
1560395308452949268,34.99,-6.32
1560395308553180718,34.93,-6.28
1560395308653383199,34.87,-6.47
1560395308753602897,34.8,-6.62
1560395308853797158,34.73,-6.81
1560395308954002874,34.67,-6.8
1560395309054211747,34.6,-6.92
1560395309154367116,34.53,-6.96
1560395309254564213,34.46,-6.78
1560395309354768115,34.39,-6.69
1560395309454953615,34.32,-6.65
1560395309555142356,34.26,-6.81
1560395309655294189,34.19,-6.69
1560395309755492942,34.12,-6.76
1560395309855688746,34.05,-6.87
1560395309955925640,33.99,-6.92
1560395310056096070,33.92,-6.71
1560395310156304133,33.85,-6.69
1560395310256480533,33.78,-6.75
1560395310356709269,33.72,-6.76
1560395310456877696,33.65,-6.37
1560395310557020113,33.59,-6.24
1560395310657194878,33.52,-6.42
1560395310757379977,33.46,-6.45
1560395310857598701,33.39,-6.38
1560395310957796008,33.33,-6.54
1560395311057952070,33.26,-6.75
1560395311158111790,33.19,-7.07
1560395311258270859,33.12,-7.04
1560395311358463536,33.05,-7.1
1560395311458698788,32.98,-7.24
1560395311558897897,32.91,-7.21
1560395311659050833,32.84,-7.1
1560395311759257987,32.77,-6.9
1560395311859456480,32.7,-6.94
1560395311959713499,32.63,-6.93
1560395312059965981,32.56,-6.47
1560395312160140489,32.5,-6.55
1560395312260287935,32.43,-6.64
1560395312360450893,32.36,-6.61
1560395312460657105,32.3,-6.55
1560395312560799272,32.23,-6.66
1560395312660983662,32.17,-6.9
1560395312761142889,32.1,-7.13
1560395312861342538,32.02,-7.01
1560395312961525619,31.95,-7.1
1560395313061690801,31.88,-7.07
1560395313161904516,31.81,-7.01
1560395313262096539,31.74,-6.75
1560395313362310869,31.68,-6.59
1560395313462484242,31.61,-6.72
1560395313562704932,31.54,-6.64
1560395313662895217,31.48,-6.51
1560395313763105259,31.41,-6.66
1560395313863279631,31.34,-6.93
1560395313963463860,31.27,-7.01
1560395314063674656,31.2,-6.92
1560395314163873950,31.14,-6.91
1560395314264035000,31.07,-6.98
1560395314364186359,31,-6.97
1560395314464362712,30.93,-6.75
1560395314564534216,30.86,-6.7
1560395314664747746,30.79,-6.67
1560395314764928995,30.73,-6.53
1560395314865090495,30.66,-6.44
1560395314965249167,30.6,-6.56
1560395315065496463,30.53,-6.8
1560395315165657846,30.46,-6.87
1560395315265813348,30.39,-6.78
1560395315366037459,30.33,-6.74
1560395315466310235,30.26,-6.82
1560395315566480545,30.19,-6.59
1560395315666677744,30.13,-6.38
1560395315766893980,30.06,-6.32
1560395315867240168,30,-6.45
1560395315967509550,29.94,-6.42
1560395316067879419,29.87,-6.48
1560395316168272049,29.81,-6.61
1560395316268480222,29.74,-6.55
1560395316368748764,29.67,-6.71
1560395316469055599,29.61,-6.78
1560395316569326416,29.54,-7.06
1560395316669525758,29.47,-7.03
1560395316769709854,29.4,-6.8
1560395316869863450,29.33,-6.82
1560395316970067640,29.26,-6.98
1560395317070263768,29.19,-6.89
1560395317170409261,29.12,-6.74
1560395317270596113,29.06,-6.75
1560395317370790411,28.99,-6.88
1560395317471008276,28.92,-6.96
1560395317571169158,28.85,-6.77
1560395317671341216,28.78,-6.98
1560395317771497306,28.71,-6.97
1560395317871694574,28.64,-6.96
1560395317971885901,28.57,-6.67
1560395318072066299,28.51,-6.45
1560395318172256339,28.44,-6.51
1560395318272425677,28.38,-6.36
1560395318372615032,28.32,-6.05
1560395318472785490,28.26,-6.09
1560395318572966817,28.19,-6.25
