1560394313198532531,-2.96,0.02
1560394313298694510,-2.96,0.02
1560394313398861665,-2.96,0.09
1560394313499005329,-2.96,0
1560394313599130433,-2.96,-0.02
1560394313699378141,-2.96,0
1560394313799536077,-2.96,0.02
1560394313899794626,-2.96,-0.03
1560394313999961608,-2.96,0
1560394314100148967,-2.96,0.03
1560394314200339003,-2.96,-0.02
1560394314300472043,-2.96,-0.05
1560394314400608273,-2.96,0
1560394314500767113,-2.96,0
1560394314600945469,-2.96,-0.02
1560394314701111387,-2.96,0.05
1560394314801327249,-2.96,-0.02
1560394314901470919,-2.96,0
1560394315001740607,-2.96,0.02
1560394315102069509,-2.96,0.04
1560394315202540371,-2.96,-0.01
1560394315303055501,-2.96,-0.01
1560394315403293605,-2.96,-0.02
1560394315503693340,-2.96,0.01
1560394315603986074,-2.96,-0.04
1560394315704174457,-2.96,0.04
1560394315804349776,-2.96,-0.01
1560394315904814304,-2.96,0
1560394316005085482,-2.96,0.01
1560394316105433994,-2.96,-0.02
1560394316205724075,-2.96,0.01
1560394316305880849,-2.96,-0.01
1560394316406031198,-2.96,0.02
1560394316506190923,-2.96,0.07
1560394316606386210,-2.96,-0.05
1560394316706588960,-2.96,-0.03
1560394316806762965,-2.96,-0.03
1560394316906918838,-2.96,0.04
1560394317007071755,-2.96,-0.04
1560394317107235664,-2.96,-0.02
1560394317207391740,-2.96,0.04
1560394317307585121,-2.96,0.02
1560394317407742868,-2.96,0.03
1560394317507920889,-2.96,0.01
1560394317608101954,-2.96,-0.02
1560394317708255979,-2.96,-0.01
1560394317808443713,-2.96,-0.02
1560394317908622919,-2.96,-0.01
1560394318008782770,-2.96,0.02
1560394318108923788,-2.96,-0.06
1560394318209111916,-2.96,0.02
1560394318309322561,-2.96,-0.03
1560394318409543647,-2.96,0
1560394318509680097,-2.96,0.04
1560394318609774791,-2.96,0.01
1560394318709939000,-2.96,0
1560394318810154418,-2.96,0.01
1560394318910329915,-2.96,-0.02
1560394319010487373,-2.96,0.01
1560394319110647533,-2.96,0.02
1560394319210816857,-2.96,-0.04
1560394319310936660,-2.96,0.04
1560394319411093177,-2.96,-0.01
1560394319511279851,-2.96,0.01
1560394319611492388,-2.96,0.04
1560394319711624585,-2.96,0
1560394319811809373,-2.96,-0.02
1560394319912025152,-2.96,0
1560394320012219631,-2.96,0.05
1560394320112376197,-2.96,0
1560394320212548139,-2.96,-0.03
1560394320312697998,-2.96,-0.02
1560394320412865929,-2.96,-0.03
1560394320513027576,-2.96,-0.07
1560394320613191097,-2.96,0.05
1560394320713411415,-2.96,0.03
1560394320813624258,-2.96,-0.01
1560394320913829606,-2.96,0.03
1560394321014018382,-2.96,0.03
1560394321114228638,-2.96,0
1560394321214405907,-2.96,-0.01
1560394321314568435,-2.96,0
1560394321414871036,-2.96,0.02
1560394321515084014,-2.96,-0.03
1560394321615249959,-2.96,0.05
1560394321715430136,-2.96,0.02
1560394321815564304,-2.96,-0.04
1560394321915714041,-2.96,0.04
1560394322015884761,-2.96,0
1560394322116137854,-2.96,-0.02
1560394322216560743,-2.96,-0.01
1560394322317003694,-2.96,-0.03
1560394322417159684,-2.96,-0.04
1560394322517314418,-2.96,-0.01
1560394322617548650,-2.96,0.01
1560394322717748343,-2.96,0.03
1560394322817923612,-2.96,0.02
1560394322918267079,-2.96,0.05
1560394323018485741,-2.96,-0.07
1560394323118715437,-2.96,0.01
1560394323219107696,-2.96,0.01
1560394323319526678,-2.96,0.01
1560394323419787474,-2.96,0.02
1560394323520024042,-2.96,-0.03
1560394323620202260,-2.96,0.02
1560394323720376902,-2.96,-0.03
1560394323820533915,-2.96,-0.02
1560394323920651847,-2.96,0.05
1560394324020871141,-2.96,-0.02
1560394324121113724,-2.96,0.02
1560394324221322861,-2.96,0.03
1560394324321465943,-2.96,0
1560394324421669796,-2.96,-0.02
1560394324521841904,-2.96,0.01
1560394324621997568,-2.96,-0.05
1560394324722150374,-2.96,0.01
1560394324822288374,-2.96,-0.04
1560394324922469864,-2.96,0
1560394325022667180,-2.96,0.03
1560394325122848407,-2.96,-0.02
1560394325223031038,-2.96,0.03
1560394325323199958,-2.96,0.01
1560394325423367769,-2.96,-0.03
1560394325523527908,-2.96,-0.04
1560394325623665989,-2.96,0.03
1560394325723806673,-2.96,-0.04
1560394325823941724,-2.96,0.05
1560394325924194036,-2.96,-0.04
1560394326024395590,-2.96,0.03
1560394326124512804,-2.96,0.03
1560394326224629753,-2.96,-0.07
1560394326324754012,-2.96,0
1560394326424907763,-2.96,0.04
1560394326525155337,-2.96,-0.04
1560394326625330593,-2.96,0.04
1560394326725478384,-2.96,-0.03
1560394326825619264,-2.96,0.04
1560394326925807573,-2.96,-0.03
1560394327025982781,-2.96,0.06
1560394327126184509,-2.96,-0.05
1560394327226401668,-2.96,0
1560394327326606434,-2.96,0.02
1560394327426745037,-2.96,0.01
1560394327526981667,-2.96,0.02
1560394327627124912,-2.96,0.01
1560394327727272584,-2.96,0.04
1560394327827421331,-2.96,-0.03
1560394327927672559,-2.96,0.05
1560394328027875265,-2.96,-0.05
1560394328128138638,-2.96,-0.01
1560394328228332269,-2.96,-0.06
1560394328328550699,-2.96,-0.02
1560394328428722806,-2.96,0.02
1560394328528851717,-2.96,-0.01
1560394328629033714,-2.96,0.03
1560394328729188866,-2.96,0.03
1560394328829351359,-2.96,-0.06
1560394328929481873,-2.96,0
1560394329029633330,-2.96,-0.01
1560394329129920061,-2.96,0.05
1560394329230101169,-2.96,-0.02
1560394329330290585,-2.96,-0.01
1560394329430486162,-2.96,0.04
1560394329530688302,-2.96,0
1560394329630907950,-2.96,0.03
1560394329731104710,-2.96,-0.04
1560394329831341109,-2.96,-0.04
1560394329931541833,-2.96,-0.02
1560394330031741878,-2.96,0.04
1560394330131960529,-2.96,0.01
1560394330232132164,-2.96,0.02
1560394330332435344,-2.96,-0.03
1560394330432805757,-2.96,-0.04
1560394330533061378,-2.96,0.02
1560394330633438893,-2.96,0.06
1560394330733638293,-2.96,0.01
1560394330834017545,-2.96,-0.01
1560394330934265301,-2.96,0
1560394331034564918,-2.96,0.01
1560394331134797226,-2.96,-0.04
1560394331234986468,-2.96,0.05
1560394331335185685,-2.96,0
1560394331435355079,-2.96,-0.04
1560394331535526551,-2.96,0.02
1560394331635847909,-2.96,0.02
1560394331736006986,-2.96,0.07
1560394331836488082,-2.96,0
1560394331936792922,-2.96,-0.01
1560394332037011537,-2.96,0.05
1560394332137204286,-2.96,-0.06
1560394332237349376,-2.96,0
1560394332337552328,-2.96,-0.07
1560394332437715668,-2.96,-0.01
1560394332537907740,-2.96,0.01
1560394332638095972,-2.96,0.04
1560394332738285208,-2.96,0.03
1560394332838416696,-2.96,0.03
1560394332938614843,-2.96,-0.01
1560394333038844102,-2.96,-0.04
1560394333139001166,-2.96,-0.03
1560394333239152773,-2.96,-0.05
1560394333339313714,-2.96,0.02
1560394333439439341,-2.96,0.03
1560394333539560928,-2.96,-0.03
1560394333639723885,-2.96,0.01
1560394333739895873,-2.96,0.02
1560394333840087671,-2.72,0.09
1560394333940216037,-2.72,0.15
1560394334040359973,-2.72,-0.26
1560394334140514402,-2.72,-0.05
1560394334240708982,-2.72,-0.01
1560394334340902620,-2.72,0.15
1560394334441142042,-2.72,-0.02
1560394334541316430,-2.72,0.17
1560394334641501702,-2.72,0.07
1560394334741710966,-2.72,-0.12
1560394334841853583,-2.72,-0.2
1560394334942001461,-2.72,0.02
1560394335042169130,-2.72,0.17
1560394335142348590,-2.72,0.07
1560394335242516563,-2.72,-0.27
1560394335342678431,-2.72,-0.38
1560394335442891577,-2.72,-0.15
1560394335543109815,-2.73,-0.04
1560394335643259625,-2.73,-0.05
1560394335743448230,-2.73,0.17
1560394335843594769,-2.72,0.17
1560394335943785327,-2.72,0
1560394336044002644,-2.72,-0.03
1560394336144137319,-2.72,0.04
1560394336244333794,-2.72,0.15
1560394336344456428,-2.72,0.07
1560394336444607845,-2.72,-0.17
1560394336544732542,-2.72,-0.08
1560394336644914641,-2.72,0.06
1560394336745119915,-2.72,-0.05
1560394336845272964,-2.72,-0.13
1560394336945438965,-2.72,-0.07
1560394337045656076,-2.72,0.07
1560394337145808360,-2.72,-0.03
1560394337245994493,-2.73,-0.22
1560394337346194668,-2.73,0.13
1560394337446326673,-2.72,0.36
1560394337546557273,-2.72,0.17
1560394337646741737,-2.72,0.39
1560394337746879316,-2.72,0.2
1560394337847073571,-2.71,0.01
1560394337947262220,-2.71,-0.12
1560394338047448922,-2.72,-0.11
1560394338147684978,-2.72,0.1
1560394338248017648,-2.71,0.38
1560394338348476337,-2.71,0.2
1560394338448850517,-2.71,-0.2
1560394338549058119,-2.71,-0.41
1560394338649241195,-2.72,0.09
1560394338749453816,-2.72,-0.1
1560394338849655432,-2.72,0.09
1560394338949817467,-2.71,0.28
1560394339049985430,-2.71,0.12
1560394339150133250,-2.71,-0.11
1560394339250268654,-2.71,0.03
1560394339350469397,-2.71,0.06
1560394339450723485,-2.71,0.44
1560394339550978885,-2.71,0.13
1560394339651186686,-2.7,0.15
1560394339751376604,-2.7,-0.03
1560394339851552169,-2.7,-0.01
1560394339951743142,-2.71,-0.28
1560394340051976063,-2.71,-0.31
1560394340152132504,-2.71,-0.32
1560394340252278824,-2.71,-0.19
1560394340352445393,-2.72,-0.58
1560394340452643686,-2.72,-0.57
1560394340552794104,-2.73,-0.45
1560394340652984141,-2.73,-0.15
1560394340753181345,-2.73,-0.01
1560394340853335414,-2.73,0.34
1560394340953490746,-2.73,0.31
1560394341053685173,-2.72,0.27
1560394341153840153,-2.72,0.02
1560394341254101265,-2.72,0.2
1560394341354294536,-2.72,0.48
1560394341454476749,-2.71,0.43
1560394341554637594,-2.71,0.03
1560394341654803779,-2.71,-0.25
1560394341754985513,-2.72,-0.42
1560394341855164669,-2.72,-0.38
1560394341955307611,-2.72,-0.22
1560394342055530543,-2.72,-0.01
1560394342155736866,-2.72,0.16
1560394342255887301,-2.72,0.09
1560394342356038041,-2.72,-0.01
1560394342456229765,-2.72,0.32
1560394342556372344,-2.72,0.4
1560394342656504528,-2.71,0.46
1560394342756677203,-2.71,0.58
1560394342856864186,-2.7,0.55
1560394342957063986,-2.7,0.6
1560394343057305970,-2.69,0.52
1560394343157501782,-2.69,0.13
1560394343257710776,-2.69,0.08
1560394343357853518,-2.68,0.34
1560394343458034679,-2.68,0.08
1560394343558202567,-2.68,-0.03
1560394343658441971,-2.68,-0.14
1560394343758677688,-2.68,-0.01
1560394343858873497,-2.68,-0.17
1560394343959042609,-2.69,-0.08
1560394344059202870,-2.69,0.06
1560394344159459094,-2.69,0.01
1560394344259681502,-2.69,-0.12
1560394344359879952,-2.69,-0.04
1560394344460036702,-2.69,0.1
1560394344560207730,-2.68,0.33
1560394344660329331,-2.68,0.09
1560394344760505063,-2.68,-0.1
1560394344860793182,-2.68,-0.25
1560394344960943731,-2.69,-0.12
1560394345061108400,-2.69,-0.12
1560394345161273761,-2.69,0.07
1560394345261436179,-2.69,0.21
1560394345361571119,-2.68,0.19
1560394345461709777,-2.68,-0.16
1560394345561874411,-2.68,-0.06
1560394345662060066,-2.69,-0.09
1560394345762266762,-2.69,0.07
1560394345862441601,-2.69,-0.02
1560394345962722129,-2.69,0.04
1560394346062953098,-2.68,0.07
1560394346163224401,-2.68,-0.07
1560394346263482123,-2.69,-0.39
1560394346363653855,-2.69,-0.17
1560394346463829289,-2.69,-0.37
1560394346564250523,-2.69,0.05
1560394346664688535,-2.69,0
1560394346765037137,-2.69,0.06
1560394346865241882,-2.69,0.03
1560394346965474679,-2.69,0.15
1560394347065684748,-2.69,0.13
1560394347165954529,-2.69,0.38
1560394347266169761,-2.68,0.49
1560394347366391893,-2.68,0.38
1560394347466556663,-2.68,-0.07
1560394347566709437,-2.68,-0.05
1560394347666868134,-2.68,-0.01
1560394347767057248,-2.68,-0.11
1560394347867220302,-2.68,-0.24
1560394347967367680,-2.68,-0.24
1560394348067571022,-2.69,-0.52
1560394348167765623,-2.69,-0.48
1560394348267919033,-2.7,-0.49
1560394348368093409,-2.7,-0.37
1560394348468234698,-2.7,0.07
1560394348568467597,-2.7,0.09
1560394348668611576,-2.7,0.13
1560394348768793730,-2.7,0.2
1560394348868962235,-2.7,0.38
1560394348969117094,-2.69,0.37
1560394349069324863,-2.69,0.48
1560394349169548920,-2.68,0.56
1560394349269743585,-2.68,0.53
1560394349369934498,-2.68,0.06
1560394349470094822,-2.67,-0.01
1560394349570256790,-2.68,-0.08
1560394349670453876,-2.68,-0.03
1560394349770649105,-2.68,-0.04
1560394349870811181,-2.68,-0.15
1560394349971002262,-2.68,-0.26
1560394350071132627,-2.68,-0.3
1560394350171268250,-2.69,-0.43
1560394350271466289,-2.69,-0.37
1560394350371620361,-2.69,-0.08
1560394350471799191,-2.69,-0.08
1560394350571932088,-2.69,-0.16
1560394350672122968,-2.7,-0.45
1560394350772339977,-2.7,-0.12
1560394350872536728,-2.7,0.23
1560394350972740440,-2.7,0.18
1560394351072917585,-2.7,0.13
1560394351173140382,-2.69,0.06
1560394351273369995,-2.69,0.03
1560394351373565263,-2.69,-0.13
1560394351473752440,-2.7,0.01
1560394351573943678,-2.7,-0.04
1560394351674133351,-2.7,-0.01
1560394351774306369,-2.7,-0.16
1560394351874479926,-2.7,-0.13
1560394351974628929,-2.7,-0.2
1560394352074786495,-2.7,0.02
1560394352174985314,-2.7,-0.03
1560394352275232843,-2.7,0.2
1560394352375462215,-2.7,0.26
1560394352475619021,-2.7,0.2
1560394352575823408,-2.7,-0.23
1560394352676019925,-2.7,-0.09
1560394352776245245,-2.7,-0.02
1560394352876436517,-2.7,0.13
1560394352976604850,-2.7,0
1560394353076748030,-2.7,-0.07
1560394353176905706,-2.7,-0.21
1560394353277111412,-2.7,-0.12
1560394353377314301,-2.7,-0.38
1560394353477508827,-2.7,-0.02
1560394353577771486,-2.7,0.12
1560394353677989895,-2.7,0.18
1560394353778409000,-2.7,-0.06
1560394353878654311,-2.7,-0.04
1560394353979000487,-2.7,0.16
1560394354079313057,-2.7,0.13
1560394354179481019,-2.7,-0.02
1560394354279893734,-2.7,0.03
1560394354380183027,-2.7,-0.18
1560394354480396565,-2.7,-0.18
1560394354580550843,-2.7,-0.19
1560394354680833135,-2.7,0.03
1560394354781118835,-2.7,0.15
1560394354881264835,-2.7,0.11
1560394354981467603,-2.7,0.13
1560394355081645620,-2.7,0.04
1560394355181887438,-2.7,0.05
1560394355282084057,-2.7,0.17
1560394355382238752,-2.7,-0.01
1560394355482436292,-2.7,0.08
1560394355582607864,-2.7,0.13
1560394355682801341,-2.7,-0.11
1560394355783025488,-2.7,-0.24
1560394355883224238,-2.7,-0.23
1560394355983385884,-2.7,-0.07
1560394356083578944,-2.7,0.07
1560394356183723431,-2.7,0.06
1560394356283888764,-2.7,0.2
1560394356384058562,-2.7,0.06
1560394356484204506,-2.7,-0.01
1560394356584364570,-2.7,0.08
1560394356684498327,-2.7,0.09
1560394356784627210,-2.7,0.24
1560394356884774761,-2.69,0.02
1560394356984939840,-2.7,-0.3
1560394357085078578,-2.7,-0.09
1560394357185222015,-2.7,0.02
1560394357285405248,-2.7,-0.14
1560394357385519844,-2.7,-0.23
1560394357485642854,-2.7,-0.15
1560394357585791053,-2.7,-0.06
1560394357685989058,-2.7,-0.16
1560394357786157281,-2.71,-0.17
1560394357886316747,-2.71,0.07
1560394357986481114,-2.71,0.21
1560394358086683344,-2.7,0.17
1560394358186843313,-2.7,0.23
1560394358287066366,-2.7,0.02
1560394358387230477,-2.7,0.11
1560394358487382219,-2.7,0.05
1560394358587616497,-2.7,-0.06
1560394358687818212,-2.7,0.2
1560394358788034999,-2.7,0.22
1560394358888184691,-2.7,-0.23
1560394358988354527,-2.7,-0.25
1560394359088526397,-2.7,-0.38
1560394359188704396,-2.7,-0.11
1560394359288902051,-2.71,-0.14
1560394359389091407,-2.71,-0.1
1560394359489271779,-2.71,0.1
1560394359589472302,-2.71,0.05
1560394359689630939,-2.71,-0.14
1560394359789811358,-2.71,0.23
1560394359889990380,-2.7,0.11
1560394359990228626,-2.7,0.2
1560394360090424557,-2.7,-0.09
1560394360190706551,-2.7,-0.11
1560394360290856467,-2.7,0.03
1560394360391011371,-2.7,-0.01
1560394360491216328,-2.7,-0.15
1560394360591371287,-2.71,-0.12
1560394360691520408,-2.71,-0.13
1560394360791811085,-2.71,-0.04
1560394360892052623,-2.71,-0.3
1560394360992267874,-2.71,0.03
1560394361092463240,-2.71,0.22
1560394361192882576,-2.71,0.3
1560394361293098932,-2.7,0.25
1560394361393303561,-2.7,0.51
1560394361493577919,-2.69,0.53
1560394361593886855,-2.69,0.43
1560394361694274422,-2.69,0.13
1560394361794564916,-2.68,0.39
1560394361894847144,-2.68,0.36
1560394361995115479,-2.68,0.16
1560394362095480114,-2.68,-0.18
1560394362195790049,-2.68,-0.19
1560394362295917148,-2.68,-0.17
1560394362396049846,-2.68,-0.02
1560394362496212565,-2.68,-0.12
1560394362596346834,-2.68,0.15
1560394362696506572,-2.68,0.16
1560394362796694056,-2.68,0.06
1560394362896871094,-2.68,0.05
1560394362997087934,-2.68,0.18
1560394363097237887,-2.68,0.09
1560394363197466863,-2.68,-0.13
1560394363297639452,-2.68,-0.34
1560394363397807670,-2.68,-0.15
1560394363497966510,-2.68,-0.08
1560394363598156500,-2.68,-0.12
1560394363698332636,-2.69,-0.23
1560394363798495388,-2.69,-0.43
1560394363898648824,-2.69,-0.19
1560394363998831403,-2.7,-0.38
1560394364099026045,-2.7,-0.56
1560394364199221353,-2.7,-0.16
1560394364299412931,-2.7,0.11
1560394364399636136,-2.7,0.02
1560394364499870221,-2.7,-0.05
1560394364600091992,-2.7,-0.02
1560394364700261357,-2.7,0.17
1560394364800478329,-2.7,0.11
1560394364900627719,-2.7,0.06
1560394365000813132,-2.7,0.2
1560394365100975043,-2.7,0.35
1560394365201161370,-2.7,0.05
1560394365301367979,-2.7,-0.24
1560394365401565867,-2.7,-0.22
1560394365501767401,-2.7,0
1560394365601965569,-2.7,-0.07
1560394365702114126,-2.7,-0.11
1560394365802260132,-2.7,0.03
1560394365902443796,-2.7,0.04
1560394366002675917,-2.7,-0.37
1560394366102855584,-2.71,-0.13
1560394366203018352,-2.71,-0.03
1560394366303189084,-2.7,0.28
1560394366403352261,-2.7,0.24
1560394366503562043,-2.7,0.21
1560394366603732661,-2.7,0.14
1560394366703881303,-2.7,0.15
1560394366804022388,-2.7,-0.14
1560394366904210693,-2.7,-0.14
1560394367004412009,-2.7,-0.1
1560394367104514989,-2.7,-0.09
1560394367204723340,-2.7,-0.14
1560394367304934462,-2.7,-0.18
1560394367405082610,-2.7,-0.13
1560394367505307215,-2.71,-0.12
1560394367605514153,-2.71,-0.12
1560394367705667811,-2.71,0.23
1560394367805884335,-2.7,0.25
1560394367906057177,-2.7,0.1
1560394368006293172,-2.7,0.03
1560394368106465097,-2.7,0.06
1560394368206630848,-2.7,0.21
1560394368306822897,-2.7,0.2
1560394368406983628,-2.7,-0.26
1560394368507117974,-2.7,-0.12
1560394368607297430,-2.7,-0.09
1560394368707494206,-2.7,-0.1
1560394368807667709,-2.7,-0.05
1560394368907863550,-2.7,0.06
1560394369008092845,-2.7,0.06
1560394369108570552,-2.7,0.18
1560394369208804339,-2.7,-0.13
1560394369309162365,-2.7,0.07
1560394369409570223,-2.7,0.02
1560394369509848250,-2.7,0
1560394369610166513,-2.7,-0.09
1560394369710440984,-2.7,-0.05
1560394369810621422,-2.7,0.08
1560394369910875389,-2.7,-0.06
1560394370011118241,-2.7,-0.22
1560394370111305373,-2.7,0.04
1560394370211686868,-2.7,-0.06
1560394370311971870,-2.7,0
1560394370412161345,-2.7,0.06
1560394370512330393,-2.7,0.16
1560394370612567751,-2.7,0.29
1560394370712800256,-2.7,0.14
1560394370812964847,-2.7,0.02
1560394370913144652,-2.7,0.18
1560394371013278662,-2.69,0.14
1560394371113560802,-2.69,-0.05
1560394371213755122,-2.69,-0.04
1560394371313949155,-2.7,-0.05
1560394371414114811,-2.7,0.06
1560394371514283952,-2.7,-0.27
1560394371614432136,-2.7,-0.32
1560394371714595404,-2.7,-0.24
1560394371814783959,-2.7,0.05
1560394371915004114,-2.7,0
1560394372015189042,-2.7,-0.09
1560394372115394460,-2.7,-0.1
1560394372215517778,-2.7,0.16
1560394372315679819,-2.7,0.02
1560394372415846658,-2.7,0.08
1560394372515960910,-2.7,0.31
1560394372616135047,-2.7,0.44
1560394372716290710,-2.69,0.06
1560394372816451725,-2.69,0.09
1560394372916599874,-2.69,0.38
1560394373016743374,-2.69,0.59
1560394373116911084,-2.68,0.05
1560394373217074644,-2.68,-0.1
1560394373317260992,-2.69,-0.33
1560394373417401592,-2.69,-0.23
1560394373517568452,-2.69,-0.19
1560394373617733924,-2.69,-0.12
1560394373717864109,-2.69,-0.08
1560394373818041758,-2.69,0.16
1560394373918209321,-2.69,-0.02
1560394374018417237,-2.69,0.21
1560394374118593127,-2.69,0.01
1560394374218738528,-2.69,0.13
1560394374318914666,-2.69,0.02
1560394374419087802,-2.69,0.04
1560394374519210272,-2.69,0.16
1560394374619380517,-2.69,0.14
1560394374719594156,-2.69,-0.31
1560394374819766604,-2.69,-0.15
1560394374919940378,-2.69,-0.2
1560394375020133184,-2.69,-0.07
1560394375120259438,-2.69,-0.15
1560394375220430191,-2.69,-0.01
1560394375320611592,-2.69,-0.05
1560394375420805121,-2.69,-0.04
1560394375520918504,-2.69,-0.04
1560394375621097779,-2.69,0.21
1560394375721294468,-2.69,0.17
1560394375821426660,-2.69,0.05
1560394375921565930,-2.69,-0.1
1560394376021746392,-2.69,0.09
1560394376121925041,-2.69,0.18
1560394376222100834,-2.69,0.04
1560394376322298051,-2.69,-0.15
1560394376422480269,-2.69,-0.09
1560394376522668270,-2.69,-0.14
1560394376622865339,-2.69,0
1560394376723055477,-2.69,0.08
1560394376823231662,-2.69,0.3
1560394376923486614,-2.69,0.29
1560394377023683613,-2.68,0.2
1560394377123915117,-2.68,0.08
1560394377224297564,-2.68,0.37
1560394377324756360,-2.68,0.52
1560394377425127266,-2.67,0.49
1560394377525367069,-2.67,0.45
1560394377625732496,-2.66,0.5
1560394377725934474,-2.66,0.46
1560394377826104865,-2.65,0.11
1560394377926341094,-2.65,-0.07
1560394378026562615,-2.66,-0.12
1560394378126763755,-2.66,0.07
1560394378226917164,-2.66,-0.06
1560394378327102464,-2.66,-0.25
1560394378427262113,-2.66,-0.14
1560394378527482704,-2.66,0
1560394378627660137,-2.66,-0.05
1560394378727858151,-2.66,0.04
1560394378827996846,-2.66,0.11
1560394378928270053,-2.66,0.05
1560394379028510504,-2.66,-0.13
1560394379128713521,-2.66,-0.31
1560394379228931364,-2.66,-0.18
1560394379329114438,-2.66,0.13
1560394379429278435,-2.66,-0.17
1560394379529431247,-2.67,-0.16
1560394379629646310,-2.67,-0.53
1560394379729843231,-2.67,-0.36
1560394379830036267,-2.68,-0.18
1560394379930189969,-2.68,-0.14
1560394380030368682,-2.68,0.18
1560394380130522946,-2.67,0.39
1560394380230689851,-2.67,0.06
1560394380330906883,-2.67,0.21
1560394380431089743,-2.67,-0.02
1560394380531289267,-2.67,0.21
1560394380631487363,-2.67,-0.01
1560394380731639342,-2.67,-0.19
1560394380831767560,-2.67,-0.13
1560394380931927705,-2.67,-0.04
1560394381032094610,-2.67,-0.33
1560394381132313602,-2.68,-0.14
1560394381232453311,-2.68,-0.05
1560394381332593102,-2.68,0.18
1560394381432732419,-2.68,-0.03
1560394381532880070,-2.67,0.17
1560394381633169306,-2.67,0.13
1560394381733375858,-2.67,0.18
1560394381833559819,-2.67,0.11
1560394381933717246,-2.67,0.15
1560394382033884615,-2.67,0
1560394382134022481,-2.67,-0.04
1560394382234197887,-2.67,-0.29
1560394382334389565,-2.67,-0.06
1560394382434584341,-2.67,0.15
1560394382534739762,-2.67,0.09
1560394382634910951,-2.67,-0.14
1560394382735091153,-2.67,-0.23
1560394382835247414,-2.67,-0.23
1560394382935429813,-2.68,-0.07
1560394383035609268,-2.68,-0.09
1560394383135765302,-2.68,0.06
1560394383235935696,-2.68,0.18
1560394383336103312,-2.67,0.19
1560394383436329225,-2.67,-0.04
1560394383536475119,-2.67,0.15
1560394383636707140,-2.67,0.34
1560394383736917314,-2.67,0.24
1560394383837046420,-2.67,0.16
1560394383937254337,-2.66,0.4
1560394384037411569,-2.66,0.47
1560394384137603146,-2.65,0.18
1560394384237802102,-2.66,-0.3
1560394384338086917,-2.66,-0.08
1560394384438379682,-2.66,0.04
1560394384538614454,-2.66,-0.13
1560394384638760823,-2.66,-0.3
1560394384738960331,-2.66,-0.24
1560394384839212717,-2.66,-0.09
1560394384939446841,-2.67,-0.04
1560394385039704662,-2.67,-0.07
1560394385140102975,-2.66,0.04
1560394385240315866,-2.66,-0.03
1560394385340700157,-2.66,0.39
1560394385440991836,-2.66,0.12
1560394385541245295,-2.66,-0.11
1560394385641493167,-2.66,-0.32
1560394385741750111,-2.66,-0.28
1560394385842081816,-2.67,-0.17
1560394385942240090,-2.67,-0.05
1560394386042417530,-2.67,0.01
1560394386142603620,-2.67,-0.52
1560394386242791431,-2.67,-0.16
1560394386343075931,-2.68,-0.47
1560394386443278564,-2.68,-0.15
1560394386543460049,-2.68,0
1560394386643750658,-2.68,-0.01
1560394386744077020,-2.68,0.15
1560394386844292714,-2.68,0.11
1560394386944535257,-2.68,-0.4
1560394387044735497,-2.68,-0.08
1560394387144877667,-2.68,-0.08
1560394387245044483,-89.31,-0.67
1560394387345258471,-89.32,-0.58
1560394387445446962,-89.32,-0.36
1560394387545639808,-89.32,-0.55
1560394387645802951,-89.33,-0.17
1560394387745976286,-89.33,-0.12
1560394387846161392,-89.33,-0.17
1560394387946338423,-89.33,0.16
1560394388046496298,-89.33,0.14
1560394388146706765,-89.33,0
1560394388246899553,-89.33,0.09
1560394388347042531,-89.33,-0.16
1560394388447226405,-89.33,-0.12
1560394388547364359,-89.33,-0.13
1560394388647531404,-89.33,0.03
1560394388747699639,-89.33,-0.08
1560394388847832850,-89.33,-0.25
1560394388948025702,-89.34,-0.47
1560394389048196217,-89.34,-0.05
1560394389148354979,-89.34,-0.13
1560394389248539277,-89.34,0.16
1560394389348695619,-89.34,0.27
1560394389448862775,-89.34,0.14
1560394389549080417,-89.33,0.22
1560394389649276059,-89.33,0.27
1560394389749430460,-89.33,0.16
1560394389849608219,-89.33,0.36
1560394389949777150,-89.33,-0.06
1560394390049919155,-89.33,-0.17
1560394390150123166,-89.33,0.02
1560394390250272319,-89.33,-0.14
1560394390350464513,-89.33,-0.21
1560394390450654938,-89.33,-0.25
1560394390550938755,-89.33,-0.16
1560394390651158585,-89.34,0.09
1560394390751343225,-89.34,-0.15
1560394390851515554,-89.34,0.04
1560394390951707913,-89.34,0.11
1560394391051893976,-89.33,0.09
1560394391152061582,-89.33,-0.03
1560394391252219833,-89.33,-0.01
1560394391352370066,-89.33,0.03
1560394391452465660,-89.33,0.01
1560394391552575520,-89.33,-0.15
1560394391652809263,-89.34,-0.11
1560394391752988272,-89.34,0.02
1560394391853186657,-89.34,0.09
1560394391953407851,-89.34,-0.05
1560394392053688752,-89.34,0.12
1560394392153884385,-89.33,0.19
1560394392254075160,-89.33,0.2
1560394392354259608,-89.33,0.1
1560394392454547542,-89.33,0.16
1560394392554787013,-89.33,0.12
1560394392655144512,-89.33,0.18
1560394392755492122,-89.32,0.1
1560394392855740411,-89.32,0.14
1560394392955953746,-89.32,0.07
1560394393056310093,-89.32,0.16
1560394393156639147,-89.32,-0.09
1560394393257018521,-89.32,-0.21
1560394393357236804,-89.32,0
1560394393457493479,-89.32,0.18
1560394393557718816,-89.32,0.03
1560394393657877350,-89.32,-0.03
1560394393758072159,-89.32,0.14
1560394393858268705,-89.32,0.12
1560394393958439637,-89.32,0.02
1560394394058589817,-89.32,0.01
1560394394158719165,-89.32,0.08
1560394394258918739,-89.32,0.13
1560394394359076888,-89.32,0.14
1560394394459280944,-89.31,0.06
1560394394559433505,-89.31,0.5
1560394394659585161,-89.31,0.1
1560394394759725663,-89.31,-0.14
1560394394859891012,-89.31,-0.27
1560394394960006151,-89.31,-0.09
1560394395060158907,-89.31,-0.09
1560394395160287401,-89.31,-0.1
1560394395260446975,-89.32,-0.19
1560394395360575343,-89.32,0.16
1560394395460687673,-89.32,-0.05
1560394395560817899,-89.32,0.15
1560394395660976946,-89.31,0.09
1560394395761158325,-89.31,0.14
1560394395861318035,-89.31,0.12
1560394395961528227,-89.31,0.14
1560394396061722677,-89.31,0
1560394396161910089,-89.31,0.09
1560394396262102097,-89.31,-0.44
1560394396362317076,-89.32,-0.35
1560394396462504210,-89.32,-0.44
1560394396562689102,-89.32,-0.11
1560394396662896526,-89.32,-0.42
1560394396763093808,-89.33,-0.43
1560394396863279864,-89.33,-0.13
1560394396963481514,-89.33,0.15
1560394397063675047,-89.33,0.06
1560394397163839018,-89.33,0.24
1560394397264043785,-89.33,0.11
1560394397364227790,-89.33,0.25
1560394397464446821,-89.32,0.11
1560394397564644787,-89.32,0.23
1560394397664810494,-89.32,0.43
1560394397764932832,-89.31,0.36
1560394397865123591,-89.31,-0.02
1560394397965297737,-89.31,-0.17
1560394398065430326,-89.31,-0.05
1560394398165563027,-89.31,0.09
1560394398265761225,-89.31,-0.12
1560394398365911387,-89.32,0.01
1560394398466107615,-89.32,0
1560394398566304089,-89.32,0.03
1560394398666468746,-89.32,-0.12
1560394398766665572,-89.32,-0.13
1560394398866868827,-89.32,0.08
1560394398967015073,-89.32,0.29
1560394399067183405,-89.31,0.14
1560394399167357569,-89.31,0.14
1560394399267563073,-89.31,0.03
1560394399367787614,-89.31,0.02
1560394399467926262,-89.31,-0.2
1560394399568076349,-89.31,-0.28
1560394399668231634,-89.32,0.04
1560394399768438047,-89.31,0.21
1560394399868612769,-89.31,-0.17
1560394399968887237,-89.31,-0.08
1560394400069261237,-89.32,-0.03
1560394400169519407,-89.32,0.03
1560394400269750064,-89.32,-0.01
1560394400369926140,-89.32,0.04
1560394400470108979,-89.31,0.05
1560394400570312531,-89.31,0.05
1560394400670495691,-89.31,-0.05
1560394400770854377,-89.32,-0.18
1560394400871047162,-89.32,-0.17
1560394400971482716,-89.32,-0.2
1560394401072105308,-89.32,-0.38
1560394401172318621,-89.33,-0.39
1560394401272465107,-89.33,-0.09
1560394401372641571,-89.33,-0.01
1560394401472921101,-89.33,-0.05
1560394401573135952,-89.33,-0.05
1560394401673276645,-89.33,0.21
1560394401773438099,-89.33,0.02
1560394401873584530,-89.33,0.17
1560394401973757067,-89.32,0.11
1560394402073876845,-89.32,-0.02
1560394402174028994,-89.32,0.05
1560394402274149213,-89.32,0.04
1560394402374332445,-89.32,-0.06
1560394402474511650,-89.32,0.04
1560394402574700594,-89.33,-0.24
1560394402674842324,-89.33,-0.09
1560394402775040528,-89.33,-0.03
1560394402875204035,-89.33,0.15
1560394402975362149,-89.33,0.07
1560394403075533187,-89.33,-0.02
1560394403175775226,-89.32,0.2
1560394403275944887,-89.32,0.24
1560394403376135602,-89.32,0
1560394403476244831,-89.32,0.27
1560394403576391793,-89.32,-0.09
1560394403676609406,-89.32,0.11
1560394403776774959,-89.32,-0.13
1560394403876960462,-89.32,-0.11
1560394403977171644,-89.32,-0.02
1560394404077318543,-89.32,0.06
1560394404177467083,-89.32,-0.21
1560394404277642411,-89.32,-0.3
1560394404377791234,-89.33,-0.16
1560394404477939257,-89.33,0.31
1560394404578068466,-89.32,-0.07
1560394404678239668,-89.32,0.03
1560394404778405735,-89.32,0.01
1560394404878568253,-89.32,0.22
1560394404978718795,-89.32,-0.05
1560394405078864021,-89.32,-0.1
1560394405179023461,-89.32,0.15
1560394405279176610,-89.32,0.3
1560394405379334493,-89.32,0.01
1560394405479452711,-89.32,0.41
1560394405579644234,-89.31,0.13
1560394405679805010,-89.31,0.37
1560394405779977946,-89.31,-0.07
1560394405880179906,-89.31,-0.2
1560394405980381895,-89.31,0
1560394406080601745,-89.31,-0.01
1560394406180795019,-89.31,-0.24
1560394406280983265,-89.32,-0.12
1560394406381155823,-89.32,-0.13
1560394406481347873,-89.32,0.14
1560394406581517867,-89.32,-0.08
1560394406681752132,-89.32,0.05
1560394406781944041,-89.32,0.18
1560394406882177661,-89.31,0.13
1560394406982410993,-89.31,0.2
1560394407082647508,-89.31,0.13
1560394407182931742,-89.31,0.13
1560394407283159806,-89.31,0.01
1560394407383321931,-89.31,-0.25
1560394407483508615,-89.31,-0.27
1560394407583720485,-89.31,-0.2
1560394407683922301,-89.32,-0.2
1560394407784134873,-89.32,-0.07
1560394407884321724,-89.32,-0.17
1560394407984568873,-89.32,0.15
1560394408084820451,-89.32,0.07
1560394408185195045,-89.32,0.01
1560394408285462201,-89.32,0.19
1560394408385831103,-89.32,0.13
1560394408486193529,-89.31,0.08
1560394408586489349,-89.31,0.13
1560394408686792223,-89.31,0.08
1560394408787003511,-89.31,0.06
1560394408887182017,-89.31,-0.37
1560394408987459354,-89.32,-0.39
1560394409087697330,-89.32,-0.42
1560394409187875267,-89.32,-0.21
1560394409288068837,-89.33,-0.05
1560394409388244336,-89.33,-0.09
1560394409488422763,-89.33,-0.3
1560394409588624620,-89.33,0.02
1560394409688769440,-89.33,-0.09
1560394409788933642,-89.33,0.25
1560394409889065421,-89.33,0.07
1560394409989230149,-89.33,0.17
1560394410089387444,-89.32,0.1
1560394410189514182,-89.32,-0.05
1560394410289702847,-89.32,0.05
1560394410389892811,-89.32,0.15
1560394410490047429,-89.32,-0.24
1560394410590222129,-89.33,-0.29
1560394410690394074,-89.33,-0.23
1560394410790577086,-89.33,0.17
1560394410890771490,-89.33,-0.07
1560394410990923482,-89.33,0.02
1560394411091111352,-89.33,0.17
1560394411191305570,-89.33,0.24
1560394411291433945,-89.32,0.01
1560394411391636827,-89.32,0.02
1560394411491819385,-89.32,-0.08
1560394411591947477,-89.32,0.24
1560394411692125984,-89.32,0.05
1560394411792292489,-89.32,0.38
1560394411892447819,-89.32,0.2
1560394411992665206,-89.32,0.16
1560394412092887497,-89.31,0.01
1560394412193100546,-89.32,-0.17
1560394412293272794,-89.32,-0.01
1560394412393454538,-89.32,0.12
1560394412493658854,-89.32,-0.14
1560394412593850338,-89.32,-0.05
1560394412693980645,-89.32,0.06
1560394412794146204,-89.32,0.26
1560394412894310555,-89.31,0.13
1560394412994463284,-89.31,0.17
1560394413094660953,-89.31,0.36
1560394413194849231,-89.31,0.36
1560394413295085040,-89.3,0.15
1560394413395248183,-89.3,0.07
1560394413495440556,-89.3,-0.01
1560394413595627767,-89.3,-0.01
1560394413695827393,-89.3,-0.41
1560394413796005660,-89.31,-0.39
1560394413896178024,-89.31,-0.38
1560394413996315798,-89.32,-0.41
1560394414096571338,-89.32,-0.53
1560394414196820169,-89.32,-0.16
1560394414297022449,-89.32,0.19
1560394414397314353,-89.32,0.16
1560394414497521217,-89.32,0.17
1560394414597683879,-89.32,0.16
1560394414697875368,-89.32,0
1560394414798073464,-89.32,0.07
1560394414898247231,-89.32,0.1
1560394414998427856,-89.32,-0.02
1560394415098586387,-89.32,0.07
1560394415198818779,-89.32,-0.34
1560394415299010779,-89.32,-0.39
1560394415399207306,-89.33,-0.46
1560394415499488304,-89.33,-0.07
1560394415599709739,-89.33,0.1
1560394415700025359,-89.33,-0.07
1560394415800290389,-89.33,-0.01
1560394415900685724,-89.33,0.27
1560394416000913624,-89.33,0.02
1560394416101155645,-89.32,0.23
1560394416201376910,-89.32,0.05
1560394416301570519,-89.32,0.14
1560394416401807211,-89.32,-0.02
1560394416501972534,-89.32,-0.14
1560394416602171652,-89.32,0.03
1560394416702343303,-89.32,0.04
1560394416802613308,-89.32,-0.27
1560394416902825421,-89.33,-0.12
1560394417002971016,-89.33,-0.16
1560394417103330098,-89.33,0.26
1560394417203569351,-89.32,0.1
1560394417303760993,-89.32,0.04
1560394417403939076,-89.32,0.2
1560394417504136796,-89.32,0.28
1560394417604309134,-89.32,-0.04
1560394417704454769,-89.32,-0.08
1560394417804667789,-89.32,0.01
1560394417904875442,-89.32,0.07
1560394418005031866,-89.32,0
1560394418105235214,-89.32,0.06
1560394418205436415,-89.32,-0.02
1560394418305600388,-89.32,0.05
1560394418405778010,-89.32,-0.12
1560394418505914625,-89.32,-0.05
1560394418606075253,-89.32,-0.04
1560394418706247218,-89.32,0.27
1560394418806417056,-89.32,-0.01
1560394418906551157,-89.32,-0.09
1560394419006665990,-89.32,-0.16
1560394419106789465,-89.32,0.05
1560394419207023918,-89.32,-0.19
1560394419307230234,-89.32,-0.06
1560394419407417139,-89.32,-0.01
1560394419507649774,-89.32,-0.07
1560394419607839013,-89.32,-0.05
1560394419708107313,-89.32,-0.03
1560394419808259022,-89.32,0.01
1560394419908449747,-89.32,0.12
1560394420008654686,-89.32,-0.11
1560394420108818428,-89.32,-0.1
1560394420209001046,-89.32,-0.01
1560394420309193258,-89.32,0.15
1560394420409354554,-89.32,0.03
1560394420509554205,-89.32,-0.08
1560394420609728961,-89.32,0.19
1560394420709883830,-89.32,0.15
1560394420810084088,-89.32,0
1560394420910277976,-89.32,0.08
1560394421010474307,-89.32,-0.04
1560394421110651195,-89.32,0.02
1560394421210837144,-89.32,0.07
1560394421310971826,-89.32,-0.03
1560394421411242492,-89.32,-0.12
1560394421511457151,-89.32,-0.25
1560394421611760630,-89.33,-0.34
1560394421712001019,-89.33,-0.19
1560394421812177983,-89.33,0.18
1560394421912321218,-89.33,0.16
1560394422012494383,-89.33,-0.02
1560394422112633844,-89.33,0.03
1560394422212838845,-89.32,0.36
1560394422313016704,-89.32,0.19
1560394422413196661,-89.32,0.38
1560394422513426262,-89.31,0.44
1560394422613664717,-89.31,0.36
1560394422713877544,-89.31,-0.14
1560394422814160819,-89.31,0.03
1560394422914469492,-89.31,-0.07
1560394423014671609,-89.31,-0.01
1560394423114859132,-89.31,-0.11
1560394423215082586,-89.31,-0.33
1560394423315262916,-89.32,-0.41
1560394423415431992,-89.32,-0.03
1560394423515699567,-89.32,-0.1
1560394423616043474,-89.32,0.11
1560394423716248134,-89.32,0.13
1560394423816561910,-89.32,0.36
1560394423916836391,-89.31,0.14
1560394424017172968,-89.31,-0.04
1560394424117369917,-89.31,-0.01
1560394424217681477,-89.31,0.07
1560394424317891779,-89.31,-0.02
1560394424418134993,-89.31,0.09
1560394424518338257,-89.31,-0.04
1560394424618516639,-89.31,-0.01
1560394424718724366,-89.31,-0.35
1560394424818913352,-89.32,-0.5
1560394424919083059,-89.32,-0.36
1560394425019255160,-89.32,-0.07
1560394425119449890,-89.33,-0.18
1560394425219627540,-89.33,-0.41
1560394425319798598,-89.33,-0.42
1560394425419977072,-89.33,0.1
1560394425520166291,-89.33,0.01
1560394425620311253,-89.33,0.2
1560394425720469587,-89.33,0.19
1560394425820653087,-89.33,0.23
1560394425920804879,-89.33,0.14
1560394426020960949,-89.32,0.41
1560394426121118133,-89.32,0.12
1560394426221304831,-89.32,0.38
1560394426321494139,-89.32,-0.13
1560394426421644435,-89.32,-0.32
1560394426521840446,-89.32,-0.37
1560394426622035240,-89.33,-0.15
1560394426722194370,-89.33,-0.47
1560394426822381331,-89.33,-0.15
1560394426922604126,-89.33,0.02
1560394427022778000,-89.33,0.22
1560394427122974784,-89.33,0
1560394427223130658,-89.33,0.26
1560394427323279061,-89.33,0.29
1560394427423471794,-89.32,0.3
1560394427523635063,-89.32,0.52
1560394427623795075,-89.31,0.5
1560394427723925323,-89.31,0.15
1560394427824097047,-89.31,-0.08
1560394427924266907,-89.31,-0.3
1560394428024456831,-89.32,-0.34
1560394428124617435,-89.32,0.01
1560394428224740253,-89.32,0.02
1560394428324946806,-89.32,-0.13
1560394428425095658,-89.32,0.04
1560394428525234903,-89.32,0.12
1560394428625424341,-89.32,0.14
1560394428725607661,-89.31,0.12
1560394428825760299,-89.31,0.11
1560394428925886657,-89.31,0.15
1560394429026045890,-89.31,-0.14
1560394429126197626,-89.31,-0.09
1560394429226343079,-89.31,0.1
1560394429326476492,-89.31,0.04
1560394429426614652,-89.31,-0.04
1560394429526772109,-89.31,-0.16
1560394429626888340,-89.32,-0.2
1560394429727032444,-89.32,0.17
1560394429827198091,-89.31,0.08
1560394429927328415,-89.31,0.01
1560394430027475812,-89.31,0.16
1560394430127650392,-89.31,0.19
1560394430227793607,-89.31,-0.04
1560394430327930844,-89.31,-0.12
1560394430428105879,-89.31,-0.21
1560394430528235577,-89.31,0.01
1560394430628394693,-89.31,-0.07
1560394430728580012,-89.31,0.02
1560394430828714520,-89.31,-0.11
1560394430928907755,-89.32,-0.04
1560394431029081532,-89.32,-0.34
1560394431129303108,-89.32,-0.24
1560394431229483775,-89.32,-0.41
1560394431329870288,-89.32,0.18
1560394431430272737,-89.32,0.02
1560394431530511411,-89.32,-0.1
1560394431630896726,-89.32,-0.04
1560394431731189031,-89.32,0.19
1560394431831522176,-89.32,0.01
1560394431931746391,-89.32,0.24
1560394432032049911,-89.32,0.01
1560394432132265182,-89.32,0.1
1560394432232504349,-89.32,-0.03
1560394432332691577,-89.32,0.02
1560394432432882684,-89.32,0
1560394432533100855,-89.32,0.01
1560394432633254488,-89.32,-0.2
1560394432733441812,-89.32,-0.27
1560394432833612611,-89.33,-0.23
1560394432933804337,-89.33,0.07
1560394433034005067,-89.33,-0.08
1560394433134166571,-89.33,0.14
1560394433234385513,-89.32,0.28
1560394433334581883,-89.32,0.35
1560394433434738883,-89.32,0.07
1560394433535001160,-89.32,0.14
1560394433635200014,-89.31,0.4
1560394433735368906,-89.31,0.38
1560394433835566051,-89.31,0.45
1560394433935739704,-89.3,0.44
1560394434035924265,-89.3,0.1
1560394434136110959,-89.3,0.03
1560394434236301209,-89.3,-0.28
1560394434336501762,-89.3,-0.25
1560394434436676913,-89.3,0.12
1560394434536859050,-89.3,0.15
1560394434637040051,-89.3,-0.18
1560394434737232205,-89.3,-0.07
1560394434837397992,-89.3,0.19
1560394434937600082,-89.3,0.11
1560394435037774394,-89.3,-0.02
1560394435137916071,-89.3,0.02
1560394435238119402,-89.3,0.06
1560394435338272385,-89.3,-0.17
1560394435438485401,-89.3,-0.12
1560394435538619530,-89.3,0
1560394435638751484,-89.3,0.1
1560394435738940633,-89.3,0
1560394435839119829,-89.3,-0.1
1560394435939293002,-89.3,-0.21
1560394436039481094,-89.3,0.19
1560394436139670780,-89.3,0.05
1560394436239875727,-89.3,-0.16
1560394436340058873,-89.31,-0.17
1560394436440237305,-89.31,0.01
1560394436540491890,-89.31,-0.26
1560394436640658334,-89.31,-0.37
1560394436740904997,-89.31,-0.37
1560394436841120392,-89.32,-0.03
1560394436941312593,-89.32,0.01
1560394437041495199,-89.32,0.17
1560394437141667084,-89.31,0.17
1560394437241867560,-89.31,0.12
1560394437342058892,-89.31,-0.05
1560394437442193766,-89.31,-0.18
1560394437542396172,-89.31,-0.05
1560394437642608595,-89.31,0.2
1560394437742878512,-89.31,-0.1
1560394437843049994,-89.31,-0.22
1560394437943216802,-89.32,-0.16
1560394438043334109,-89.32,0.2
1560394438143493415,-89.32,0
1560394438243707271,-89.31,0.14
1560394438343921336,-89.31,0.19
1560394438444089736,-89.31,0.14
1560394438544296646,-89.31,0.22
1560394438644548142,-89.31,0.01
1560394438744706553,-89.31,0.17
1560394438844901846,-89.31,-0.03
1560394438945125417,-89.31,-0.2
1560394439045377324,-89.31,-0.12
1560394439145704158,-89.31,-0.07
1560394439246015961,-89.31,-0.14
1560394439346229635,-89.31,-0.09
1560394439446594193,-89.31,0.08
1560394439546968000,-89.32,-0.25
1560394439647337558,-89.32,-0.15
1560394439747735901,-89.32,0.02
1560394439847903326,-89.32,0.02
1560394439948287496,-89.32,0.07
1560394440048511760,-89.32,-0.02
1560394440148652663,-89.32,0.13
1560394440248904499,-89.32,-0.18
1560394440349112786,-89.32,-0.12
1560394440449294162,-89.32,0.16
1560394440549472855,-89.32,0.24
1560394440649692000,-89.31,0.14
1560394440749911109,-159.01,0.05
1560394440850126278,-159,-0.02
1560394440950292163,-159,0.03
1560394441050498247,-159,0.07
1560394441150697570,-159,0.01
1560394441250889682,-159,-0.21
1560394441351078427,-159.01,-0.06
1560394441451258079,-159.01,-0.12
1560394441551442915,-159.01,0.03
1560394441651631934,-159.01,-0.04
1560394441751788690,-159.01,-0.09
1560394441851994046,-159.01,-0.13
1560394441952184357,-159.01,0.04
1560394442052363619,-159.01,-0.09
1560394442152597211,-159.01,-0.07
1560394442252799813,-159.01,-0.1
1560394442352941227,-159.01,0.16
1560394442453114194,-159.01,0.05
1560394442553270876,-159.01,0.03
1560394442653488167,-159.01,-0.03
1560394442753677964,-159.01,0.02
1560394442853854871,-159.01,-0.1
1560394442954013026,-159.01,-0.05
1560394443054215707,-159.01,-0.15
1560394443154352450,-159.01,-0.18
1560394443254524440,-159.02,-0.38
1560394443354738515,-159.02,-0.39
1560394443454956536,-159.02,-0.19
1560394443555151329,-159.02,0.08
1560394443655330587,-159.02,-0.17
1560394443755528584,-159.03,-0.08
1560394443855707337,-159.03,-0.03
1560394443955899225,-159.03,0.17
1560394444056082135,-159.02,0.04
1560394444156270234,-159.02,0.04
1560394444256421906,-159.02,-0.03
1560394444356582223,-159.02,-0.02
1560394444456764457,-159.03,-0.25
1560394444556902637,-159.03,-0.08
1560394444657085011,-159.03,-0.08
1560394444757249212,-159.03,-0.06
1560394444857457050,-159.03,-0.09
1560394444957628257,-159.03,-0.1
1560394445057860717,-159.03,-0.02
1560394445158119026,-159.03,0.04
1560394445258274155,-159.03,-0.16
1560394445358478952,-159.03,-0.01
1560394445458672540,-159.03,0.06
1560394445558864486,-159.03,0.05
1560394445659003385,-159.03,-0.09
1560394445759205980,-159.03,0.09
1560394445859364708,-159.03,0.15
1560394445959516523,-159.03,0.23
1560394446059702362,-159.03,0.22
1560394446159856833,-159.02,0.3
1560394446260047056,-159.02,0.16
1560394446360296930,-159.02,0.36
1560394446460508522,-159.02,0.36
1560394446560663492,-159.01,0.2
1560394446661039349,-159.01,0.43
1560394446761457494,-159.01,0.17
1560394446861876748,-159.01,-0.24
1560394446962062776,-159.01,-0.35
1560394447062445849,-159.01,-0.2
1560394447162717884,-159.01,-0.2
1560394447262949718,-159.02,-0.14
1560394447363210797,-159.02,-0.01
1560394447463432585,-159.02,0.06
1560394447563623412,-159.02,-0.02
1560394447663817925,-159.02,0.07
1560394447763987093,-159.02,0.15
1560394447864169917,-159.01,0.19
1560394447964355328,-159.01,0.1
1560394448064538649,-159.01,0.03
1560394448164698508,-159.01,-0.02
1560394448264819197,-159.01,0.11
1560394448365053196,-159.01,-0.11
1560394448465201829,-159.01,-0.25
1560394448565357563,-159.01,-0.11
1560394448665507079,-159.01,0.05
1560394448765690879,-159.01,-0.06
1560394448865906848,-159.02,0
1560394448966070936,-159.01,0.21
1560394449066213230,-159.01,0.29
1560394449166362805,-159.01,0.09
1560394449266521944,-159.01,0.16
1560394449366704773,-159.01,-0.04
1560394449466901614,-159.01,0.04
1560394449567105071,-159.01,-0.01
1560394449667252776,-159.01,-0.08
1560394449767372350,-159.01,-0.04
1560394449867572943,-159.01,0.12
1560394449967788065,-159.01,-0.15
1560394450067944406,-159.01,-0.23
1560394450168225014,-159.01,-0.03
1560394450268429322,-159.01,0.19
1560394450368582510,-159.01,-0.02
1560394450468726746,-159.01,0.11
1560394450568900777,-159.01,0.06
1560394450669073805,-159.01,-0.06
1560394450769246558,-159.01,-0.26
1560394450869436198,-159.01,-0.21
1560394450969586717,-159.01,-0.13
1560394451069734672,-159.02,-0.05
1560394451169914822,-159.02,-0.22
1560394451270115035,-159.02,-0.43
1560394451370299377,-159.02,-0.64
1560394451470455162,-159.03,-0.53
1560394451570594345,-159.04,-0.63
1560394451670787087,-159.04,-0.62
1560394451770945713,-159.05,-0.51
1560394451871094905,-159.05,-0.46
1560394451971300009,-159.06,-0.54
1560394452071484050,-159.06,-0.38
1560394452171656041,-159.07,-0.16
1560394452271857838,-159.07,0.01
1560394452372070085,-159.07,0.04
1560394452472255497,-159.06,0.25
1560394452572480910,-159.06,0.09
1560394452672621228,-159.06,0.2
1560394452772754068,-159.06,0.22
1560394452872939181,-159.06,0.07
1560394452973111219,-159.06,0.06
1560394453073342259,-159.06,0.01
1560394453173515095,-159.06,-0.28
1560394453273671206,-159.06,-0.21
1560394453373862141,-159.06,0.11
1560394453474036675,-159.06,0.13
1560394453574222065,-159.06,0.05
1560394453674393706,-159.06,0.08
1560394453774599591,-159.06,-0.08
1560394453874801589,-159.06,-0.02
1560394453975009155,-159.06,0.06
1560394454075260260,-159.06,0.17
1560394454175463745,-159.06,0.18
1560394454275639813,-159.05,0.07
1560394454375862207,-159.06,-0.21
1560394454476106282,-159.06,-0.31
1560394454576302755,-159.06,-0.1
1560394454676682683,-159.06,-0.19
1560394454777058219,-159.06,-0.17
1560394454877471510,-159.06,-0.02
1560394454977685672,-159.06,0.12
1560394455078032440,-159.06,0.04
1560394455178251471,-159.06,-0.03
1560394455278406741,-159.06,0
1560394455378587949,-159.06,0.12
1560394455478859379,-159.06,0.02
1560394455579130273,-159.06,0.02
1560394455679291075,-159.06,-0.06
1560394455779479700,-159.06,0.07
1560394455879710204,-159.06,-0.04
1560394455979915777,-159.06,-0.1
1560394456080117856,-159.06,0.01
1560394456180307504,-159.06,0.26
1560394456280555327,-159.06,0.01
1560394456380712711,-159.06,-0.05
1560394456480881574,-159.06,0.09
1560394456581049684,-159.06,0.23
1560394456681266125,-159.06,0.05
1560394456781436098,-159.06,0.02
1560394456881647804,-159.06,-0.2
1560394456981849055,-159.06,-0.16
1560394457082048129,-159.06,-0.28
1560394457182208952,-159.06,-0.18
1560394457282428710,-159.07,-0.09
1560394457382645813,-159.07,-0.11
1560394457482799555,-159.07,-0.36
1560394457582969718,-159.07,-0.09
1560394457683127331,-159.07,-0.06
1560394457783326887,-159.07,0.2
1560394457883470810,-159.07,0.22
1560394457983667289,-159.07,0.23
1560394458083829457,-159.06,0.21
1560394458183994765,-159.06,0.39
1560394458284221047,-159.06,0.06
1560394458384417784,-159.06,0.02
1560394458484572173,-159.06,-0.15
1560394458584745295,-159.06,-0.02
1560394458684931438,-159.06,-0.13
1560394458785123403,-159.06,-0.23
1560394458885265433,-159.06,-0.11
1560394458985471257,-159.06,-0.05
1560394459085635184,-159.07,-0.18
1560394459185779293,-159.07,0.01
1560394459285970370,-159.07,0.02
1560394459386134765,-159.07,0.11
1560394459486306978,-159.07,-0.09
1560394459586514559,-159.07,-0.1
1560394459686687473,-159.07,0.14
1560394459786823944,-159.06,0.27
1560394459887029581,-159.06,-0.07
1560394459987231719,-159.06,0.03
1560394460087347559,-159.06,-0.12
1560394460187502997,-159.07,-0.06
1560394460287704926,-159.07,-0.07
1560394460387941809,-159.07,0.12
1560394460488105532,-159.06,0.37
1560394460588279350,-159.06,0.29
1560394460688446102,-159.06,-0.01
1560394460788685131,-159.06,-0.07
1560394460888884781,-159.06,-0.03
1560394460989096496,-159.06,0.05
1560394461089299202,-159.06,-0.23
1560394461189485628,-159.06,-0.2
1560394461289682188,-159.06,0.03
1560394461389870758,-159.06,0
1560394461490047587,-159.06,-0.03
1560394461590202074,-159.06,0.19
1560394461690338192,-159.06,0.3
1560394461790575195,-159.06,0.45
1560394461890791769,-159.05,0.39
1560394461990993624,-159.05,0.11
1560394462091247909,-159.05,0.16
1560394462191510029,-159.05,-0.1
1560394462291865724,-159.05,-0.2
1560394462392290963,-159.05,-0.09
1560394462492799278,-159.05,0
1560394462593353640,-159.05,-0.25
1560394462693553562,-159.05,-0.26
1560394462793711950,-159.06,-0.22
1560394462893968051,-159.06,0.06
1560394462994156841,-159.06,0.07
1560394463094363561,-159.06,0.06
1560394463194537426,-159.06,0.06
1560394463294719082,-159.05,0.25
1560394463394920727,-159.05,0.08
1560394463495098834,-159.05,0.01
1560394463595389319,-159.05,0.01
1560394463695580975,-159.05,0.06
1560394463795809107,-159.05,-0.15
1560394463896020186,-159.05,-0.21
1560394463996190896,-159.06,-0.22
1560394464096371023,-159.06,-0.13
1560394464196538794,-159.06,-0.17
1560394464296664972,-159.06,-0.14
1560394464396839473,-159.06,-0.28
1560394464496994418,-159.06,0.04
1560394464597190775,-159.06,0.03
1560394464697394022,-159.06,0.25
1560394464797610873,-159.06,0.19
1560394464897819460,-159.06,0.27
1560394464997967817,-159.06,0.09
1560394465098166548,-159.06,-0.05
1560394465198380464,-159.06,-0.05
1560394465298561017,-159.06,0
1560394465398754166,-159.06,-0.1
1560394465498956254,-159.06,-0.16
1560394465599127963,-159.06,-0.11
1560394465699396800,-159.06,-0.05
1560394465799550531,-159.06,-0.29
1560394465899680043,-159.06,-0.13
1560394465999822897,-159.07,0.03
1560394466099973155,-159.06,0.1
1560394466200171460,-159.06,0.03
1560394466300382836,-159.06,0.1
1560394466400586141,-159.06,-0.01
1560394466500770901,-159.06,-0.02
1560394466600899740,-159.06,-0.11
1560394466701070781,-159.06,0.02
1560394466801240239,-159.06,-0.02
1560394466901377141,-159.06,0.04
1560394467001522894,-159.06,-0.2
1560394467101716383,-159.07,-0.16
1560394467201886454,-159.07,-0.02
1560394467302092205,-159.07,0.03
1560394467402280536,-159.07,-0.13
1560394467502476444,-159.07,0.01
1560394467602670790,-159.07,0.15
1560394467702841204,-159.07,0.15
1560394467802990916,-159.07,0.04
1560394467903170871,-159.06,0.38
1560394468003366172,-159.06,0.31
1560394468103531992,-159.06,0.23
1560394468203703276,-159.06,0.08
1560394468303899427,-159.06,-0.05
1560394468404069471,-159.06,0.05
1560394468504258939,-159.06,-0.07
1560394468604446405,-159.06,-0.14
1560394468704634038,-159.06,-0.16
1560394468804822640,-159.06,-0.13
1560394468905007672,-159.06,-0.18
1560394469005168629,-159.06,-0.32
1560394469105367801,-159.07,-0.04
1560394469205545958,-159.06,0.33
1560394469305756130,-159.06,0.2
1560394469405902814,-159.06,0.13
1560394469506193294,-159.06,0.15
1560394469606393426,-159.06,0.12
1560394469706722837,-159.06,-0.01
1560394469807128225,-159.06,0.1
1560394469907328598,-159.05,0.07
1560394470007563035,-159.05,0.43
1560394470107870114,-159.05,0.06
1560394470208196920,-159.05,-0.08
1560394470308367157,-159.05,-0.3
1560394470408495009,-159.05,0
1560394470508732005,-159.05,-0.07
1560394470608925829,-159.05,-0.08
1560394470709182785,-159.06,-0.04
1560394470809449985,-159.05,0.19
1560394470909580441,-159.05,-0.05
1560394471009860189,-159.05,-0.09
1560394471110117360,-159.06,-0.15
1560394471210279587,-159.06,0.11
1560394471310482611,-159.05,0.07
1560394471410697083,-159.05,0.05
1560394471510842817,-159.05,0.02
1560394471611059457,-159.05,0.09
1560394471711224046,-159.05,-0.12
1560394471811451525,-159.05,-0.18
1560394471911624729,-159.06,0
1560394472011804895,-159.06,0.11
1560394472111998049,-159.06,-0.27
1560394472212186990,-159.06,-0.36
1560394472312414482,-159.06,-0.05
1560394472412583336,-159.06,-0.07
1560394472512752434,-159.06,-0.12
1560394472612910306,-159.06,0.06
1560394472713090421,-159.06,-0.03
1560394472813325117,-159.06,0.16
1560394472913521663,-159.06,0.08
1560394473013637399,-159.06,0.35
1560394473113857900,-159.06,0.35
1560394473214088696,-159.05,0.06
1560394473314250023,-159.05,-0.13
1560394473414453288,-159.05,-0.12
1560394473514635330,-159.06,-0.07
1560394473614800586,-159.06,0.02
1560394473714945315,-159.06,-0.18
1560394473815133456,-159.06,-0.01
1560394473915322635,-159.06,0.13
1560394474015545671,-159.06,0.1
1560394474115745042,-159.06,0.01
1560394474215939968,-159.06,0.05
1560394474316100430,-159.05,0.06
1560394474416329508,-159.05,0.09
1560394474516510809,-159.05,-0.03
1560394474616657868,-159.05,0.07
1560394474716869284,-159.05,0.11
1560394474817053355,-159.05,-0.15
1560394474917238806,-159.05,-0.11
1560394475017478468,-159.05,0.05
1560394475117637175,-159.05,0.09
1560394475217856059,-159.05,-0.03
1560394475318032767,-159.06,-0.32
1560394475418235182,-159.06,-0.2
1560394475518443725,-159.06,0.23
1560394475618654271,-159.06,0.13
1560394475718810620,-159.05,0.11
1560394475818956348,-159.05,0.09
1560394475919202313,-159.05,0.08
1560394476019377700,-159.05,-0.04
1560394476119617072,-159.05,-0.13
1560394476219790662,-159.06,-0.18
1560394476319949052,-159.06,0.2
1560394476420142107,-159.05,-0.08
1560394476520327546,-159.06,-0.16
1560394476620575959,-159.06,-0.19
1560394476720779031,-159.06,-0.01
1560394476821005429,-159.06,0.06
1560394476921326951,-159.06,0.02
1560394477021664673,-159.06,0
1560394477121915435,-159.06,0.21
1560394477222205733,-159.06,-0.07
1560394477322419544,-159.06,0.01
1560394477422625750,-159.06,-0.03
1560394477522960334,-159.06,-0.02
1560394477623175108,-159.06,0.17
1560394477723349821,-159.06,0
1560394477823533322,-159.06,0.01
1560394477923744237,-159.05,0.16
1560394478023948882,-159.05,-0.1
1560394478124124457,-159.05,-0.01
1560394478224271115,-159.05,0.08
1560394478324539264,-159.05,0.07
1560394478424724400,-159.05,-0.23
1560394478525083678,-159.06,-0.3
1560394478625457171,-159.06,-0.05
1560394478725621458,-159.06,-0.06
1560394478825821625,-159.06,-0.06
1560394478926000341,-159.06,0.04
1560394479026174158,-159.06,-0.02
1560394479126366490,-159.06,0.1
1560394479226539796,-159.06,-0.02
1560394479326710148,-159.06,0.04
1560394479426883770,-159.06,0.19
1560394479527081875,-159.06,0.09
1560394479627260018,-159.06,-0.04
1560394479727442877,-159.06,-0.07
1560394479827649515,-159.06,-0.04
1560394479927785322,-159.06,-0.04
1560394480027990186,-159.06,-0.27
1560394480128200057,-159.06,-0.02
1560394480228425534,-159.06,0.09
1560394480328626588,-159.06,0.17
1560394480428783238,-159.06,0.15
1560394480529017485,-159.06,0.14
1560394480629212825,-159.05,0.17
1560394480729446846,-159.05,0.22
1560394480829624106,-159.05,0
1560394480929833853,-159.05,0.01
1560394481030047758,-159.05,-0.01
1560394481130198489,-159.05,-0.08
1560394481230338150,-159.05,-0.29
1560394481330491428,-159.06,-0.31
1560394481430686794,-159.06,-0.08
1560394481530873473,-159.06,-0.14
1560394481631021945,-159.06,-0.25
1560394481731242890,-159.06,-0.05
1560394481831409419,-159.06,0.16
1560394481931628390,-159.06,0.26
1560394482031778221,-159.06,0.17
1560394482131988879,-159.06,0.16
1560394482232132182,-159.05,0.22
1560394482332349733,-159.05,0.09
1560394482432506957,-159.05,0.06
1560394482532648314,-159.05,-0.08
1560394482632859133,-159.05,0.03
1560394482733099626,-159.05,-0.13
1560394482833312184,-159.06,-0.31
1560394482933460622,-159.06,-0.23
1560394483033647858,-159.06,-0.11
1560394483133792140,-159.06,-0.22
1560394483233999617,-159.06,-0.03
1560394483334172253,-159.06,-0.08
1560394483434325342,-159.06,0.16
1560394483534482721,-159.06,0.07
1560394483634641212,-159.06,0.1
1560394483734834739,-159.06,0.04
1560394483835022502,-159.06,0.14
1560394483935208026,-159.06,-0.08
1560394484035401403,-159.06,0.1
1560394484135597716,-159.06,0.04
1560394484235737340,-159.06,0.18
1560394484335938823,-159.06,-0.2
1560394484436208416,-159.06,-0.23
1560394484536434691,-159.06,-0.08
1560394484636639032,-159.06,-0.07
1560394484736875654,-159.06,-0.16
1560394484837060746,-159.06,-0.15
1560394484937363125,-159.07,-0.21
1560394485037705063,-159.07,0.07
1560394485137897949,-159.07,0.01
1560394485238038498,-159.07,0.16
1560394485338225089,-159.06,0.11
1560394485438465625,-159.06,0.16
1560394485538701051,-159.06,0.14
1560394485638959797,-159.06,0.18
1560394485739381969,-159.06,0.38
1560394485839679796,-159.05,0.41
1560394485939899939,-159.05,-0.02
1560394486040097878,-159.05,-0.15
1560394486140308296,-159.05,-0.26
1560394486240488284,-159.06,-0.18
1560394486340637478,-159.06,-0.28
1560394486440819802,-159.06,-0.13
1560394486540957489,-159.06,0.16
1560394486641189344,-159.06,0.32
1560394486741327433,-159.06,0.1
1560394486841520042,-159.05,0.11
1560394486941698384,-159.05,0.14
1560394487041942523,-159.05,0.2
1560394487142130467,-159.05,0.07
1560394487242291821,-159.05,0.16
1560394487342519738,-159.05,0.08
1560394487442674987,-159.05,0.29
1560394487542915917,-159.05,-0.11
1560394487643078385,-159.05,-0.11
1560394487743259906,-159.05,0
1560394487843419793,-159.05,-0.01
1560394487943602320,-159.05,-0.23
1560394488043861669,-159.05,0.09
1560394488144007861,-159.05,0.16
1560394488244176482,-159.05,0.25
1560394488344337670,-159.04,0.14
1560394488444457525,-159.04,0.11
1560394488544692731,-159.04,0.01
1560394488644909145,-159.04,0
1560394488745076745,-159.04,-0.11
1560394488845228610,-159.04,-0.05
1560394488945458187,-159.04,0.02
1560394489045680458,-159.04,-0.04
1560394489145883052,-159.04,-0.17
1560394489246089302,-159.05,-0.11
1560394489346274080,-159.05,0.04
1560394489446491967,-159.05,-0.03
1560394489546653711,-159.05,-0.04
1560394489646819093,-159.05,-0.03
1560394489746996506,-159.05,0.21
1560394489847194574,-159.05,0.02
1560394489947315497,-159.04,0.09
1560394490047473188,-159.05,-0.25
1560394490147607693,-159.05,-0.12
1560394490247800956,-159.05,-0.03
1560394490347983241,-159.05,-0.11
1560394490448121527,-159.05,-0.04
1560394490548322374,-159.05,0.15
1560394490648545682,-159.05,-0.12
1560394490748717136,-159.05,-0.01
1560394490848903605,-159.05,-0.11
1560394490949145692,-159.05,0.05
1560394491049379919,-159.05,-0.2
1560394491149586560,-159.05,-0.18
1560394491249969310,-159.05,-0.01
1560394491350196492,-159.05,-0.16
1560394491450463869,-159.05,0.08
1560394491550703099,-159.05,-0.15
1560394491650903038,-159.06,-0.17
1560394491751109026,-159.06,-0.14
1560394491851311398,-159.06,-0.06
1560394491951654072,-159.06,0.2
1560394492051915673,-159.06,0.22
1560394492152169676,-159.05,0.07
1560394492252564834,-159.05,0.07
1560394492352787086,-159.05,-0.05
1560394492452967795,-159.05,0.08
1560394492553262110,-159.05,-0.1
1560394492653615221,-159.06,0.07
1560394492753798266,-159.05,0.07
1560394492853993125,-159.05,-0.14
1560394492954160950,-159.06,0.02
1560394493054361091,-159.05,0.09
1560394493154561637,-159.05,0.17
1560394493254856179,-159.05,0.14
1560394493355240992,-159.05,0.17
1560394493455452423,-159.05,0
1560394493555670667,-159.05,-0.07
1560394493655873497,-159.05,0.08
1560394493756027981,-159.05,-0.03
1560394493856234966,-159.05,0.13
1560394493956380952,-159.05,0.08
1560394494056564598,-159.05,-0.17
1560394494156814454,134.45,13.71
1560394494256936546,134.58,13.83
1560394494357106388,134.72,13.75
1560394494457266607,134.86,13.5
1560394494557404417,134.99,13.24
1560394494657565522,135.13,13.64
1560394494757759792,135.26,13.38
1560394494857906329,135.4,13.51
1560394494958065153,135.53,13.71
1560394495058338267,135.67,13.49
1560394495158508218,135.8,13.57
1560394495258689436,135.94,13.33
1560394495358837577,136.07,13.28
1560394495459056586,136.2,13.06
1560394495559215694,136.33,12.51
1560394495659411592,136.45,11.57
1560394495759561355,136.56,10.5
1560394495859714836,136.66,9.47
1560394495959937336,136.75,7.57
1560394496060131303,136.81,6.07
1560394496160334770,136.87,4.38
1560394496260558896,136.9,2.82
1560394496360709074,136.92,1.37
1560394496461009381,136.93,-0.16
1560394496561227130,136.92,-1.47
1560394496661431641,136.9,-2.49
1560394496761569897,136.87,-3.43
1560394496861723114,136.84,-3.69
1560394496961906648,136.8,-3.35
1560394497062101222,136.77,-2.92
1560394497162218552,136.74,-2.13
1560394497262432469,136.73,-1.14
1560394497362638815,136.72,-0.19
1560394497462818037,136.72,0.72
1560394497563001454,136.73,1.4
1560394497663161106,136.75,1.86
1560394497763290657,136.77,1.93
1560394497863492278,136.79,1.96
1560394497963695554,136.81,1.66
1560394498063866167,136.82,1.34
1560394498164061098,136.83,0.8
1560394498264236759,136.84,0.31
1560394498364395004,136.84,-0.3
1560394498464554814,136.83,-0.52
1560394498564803992,136.83,-0.69
1560394498664977971,136.82,-0.8
1560394498765164910,136.81,-0.84
1560394498865366130,136.8,-0.83
1560394498965581197,136.8,-0.78
1560394499065797213,136.79,-0.64
1560394499165955877,136.78,-0.53
1560394499266155116,136.78,-0.37
1560394499366373721,136.78,-0.06
1560394499466585441,136.78,0.11
1560394499566733089,136.78,0.3
1560394499666919120,136.78,0.38
1560394499767231516,136.79,0.49
1560394499867535351,136.79,0.61
1560394499967927974,136.8,0.69
1560394500068158595,136.81,0.69
1560394500168568283,136.81,0.66
1560394500268892692,136.82,0.49
1560394500369256169,136.82,0.13
1560394500469440862,136.82,-0.15
1560394500569632852,136.82,-0.36
1560394500669900517,136.81,-0.43
1560394500770121927,136.81,-0.61
1560394500870300082,136.8,-0.67
1560394500970463296,136.8,-0.71
1560394501070586586,136.79,-0.61
1560394501170756124,136.78,-0.46
1560394501270952803,136.78,-0.04
1560394501371106259,136.78,0.2
1560394501471283612,136.79,0.39
1560394501571612849,136.79,0.45
1560394501671875964,136.8,0.58
1560394501772029281,136.8,0.57
1560394501872174646,136.81,0.6
1560394501972344723,136.81,0.48
1560394502072467388,136.81,0.07
1560394502172618379,136.81,-0.15
1560394502272787437,136.81,-0.31
1560394502372930307,136.81,-0.36
1560394502473138601,136.8,-0.5
1560394502573271631,136.8,-0.49
1560394502673446714,136.79,-0.47
1560394502773613057,136.79,-0.36
1560394502873829374,136.79,-0.12
1560394502973967282,136.79,0.07
1560394503074118577,136.79,0.2
1560394503174292759,136.79,0.34
1560394503274450534,136.8,0.29
1560394503374574896,136.8,0.38
1560394503474744937,136.8,0.37
1560394503574902694,136.81,0.2
1560394503675072486,136.81,0.01
1560394503775293699,136.81,-0.11
1560394503875513664,136.8,-0.24
1560394503975643195,136.8,-0.23
1560394504075804401,136.8,-0.24
1560394504175989129,136.8,-0.16
1560394504276206856,136.8,-0.14
1560394504376388294,136.79,-0.08
1560394504476602023,136.79,0.02
1560394504576795278,136.79,0.07
1560394504676983425,136.8,0.18
1560394504777172487,136.8,0.16
1560394504877367497,136.8,0.31
1560394504977566387,136.8,0.24
1560394505077681287,136.8,0.09
1560394505177839099,136.81,0.1
1560394505278007771,136.81,0.1
1560394505378144535,136.81,-0.08
1560394505478278144,136.81,-0.08
1560394505578464464,136.8,-0.13
1560394505678648240,136.8,-0.18
1560394505778804488,136.8,-0.15
1560394505878951582,136.8,0.27
1560394505979100868,136.81,0.77
1560394506079292750,136.82,1.4
1560394506179460653,136.83,1.49
1560394506279633575,136.84,0.67
1560394506379829513,136.85,0.69
1560394506480025284,136.86,0.78
1560394506580231891,136.86,0.46
1560394506680394134,136.87,0.66
1560394506780608405,136.87,-0.11
1560394506880766334,136.87,0.04
1560394506980938661,136.87,0.5
1560394507081173971,136.88,-0.35
1560394507181356306,136.88,0.36
1560394507281488740,136.88,0.22
1560394507381633709,136.88,-0.27
1560394507481911442,136.88,-0.09
1560394507582079466,136.87,-0.36
1560394507682266853,136.87,-0.07
1560394507782552649,136.87,-0.16
1560394507882827279,136.87,-0.56
1560394507983031815,136.86,-0.61
1560394508083456002,136.86,-0.56
1560394508183824467,136.85,-0.36
1560394508284281030,136.85,0.13
1560394508384701153,136.85,0.33
1560394508484931459,136.86,0.7
1560394508585097374,136.86,0.86
1560394508685316737,136.87,0.99
1560394508785462701,136.88,1.07
1560394508885660698,136.9,1.09
1560394508985951930,136.91,1
1560394509086151326,136.91,0.63
1560394509186520301,136.92,0.03
1560394509286774160,136.92,0.01
1560394509386969564,136.92,-0.32
1560394509487146270,136.91,-0.32
1560394509587365030,136.91,-0.4
1560394509687524237,136.9,-0.53
1560394509787789871,136.9,-0.68
1560394509887994336,136.89,-0.69
1560394509988183699,136.88,-0.86
1560394510088511554,136.88,-0.79
1560394510188765178,136.87,-0.79
1560394510288966332,136.86,-0.93
1560394510389153260,136.85,-0.77
1560394510489332405,136.84,-0.66
1560394510589475801,136.84,-0.7
1560394510689695463,136.83,-0.42
1560394510789822812,136.83,-0.19
1560394510889997354,136.83,-0.01
1560394510990171256,136.83,0.05
1560394511090322127,136.83,0.1
1560394511190473024,136.83,0.28
1560394511290617129,136.83,0.31
1560394511390860757,136.84,0.42
1560394511491037213,136.84,0.67
1560394511591224011,136.85,0.72
1560394511691379456,136.86,0.66
1560394511791552664,136.86,0.43
1560394511891708366,136.86,0.4
1560394511991855867,136.87,0.44
1560394512092035315,136.87,0.09
1560394512192280459,136.87,-0.09
1560394512292473262,136.87,-0.3
1560394512392596329,136.87,-0.23
1560394512492782661,136.87,-0.13
1560394512592970107,136.86,-0.03
1560394512693150173,136.87,0.21
1560394512793298099,136.87,0.42
1560394512893480572,136.87,0.08
1560394512993709550,136.87,0.06
1560394513093922280,136.87,0.42
1560394513194136778,136.88,0.48
1560394513294331864,136.88,0.41
1560394513394531976,136.89,0.09
1560394513494737144,136.88,-0.23
1560394513594947913,136.88,-0.09
1560394513695120318,136.88,-0.38
1560394513795344880,136.88,-0.6
1560394513895486466,136.87,-0.58
1560394513995653298,136.86,-0.61
1560394514095831132,136.86,-0.79
1560394514195971479,136.85,-0.85
1560394514296136591,136.84,-0.91
1560394514396277783,136.83,-0.49
1560394514496471601,136.83,-0.53
1560394514596720944,136.82,-0.18
1560394514696867042,136.82,0.07
1560394514797026989,136.82,0.1
1560394514897243158,136.83,0.07
1560394514997411193,136.83,-0.1
1560394515097694348,136.82,-0.14
1560394515197875983,136.83,0.32
1560394515298232881,136.83,0.11
1560394515398546799,136.83,0.06
1560394515498917275,136.83,-0.01
1560394515599154414,136.83,0.04
1560394515699508377,136.83,-0.04
1560394515799843893,136.83,0.11
1560394515900149675,136.83,0.09
1560394516000476901,136.83,0.12
1560394516100729500,136.83,-0.07
1560394516200891854,136.83,-0.09
1560394516301121787,136.83,-0.12
1560394516401298352,136.83,0.15
1560394516501509956,136.83,-0.01
1560394516601666202,136.83,-0.03
1560394516701894535,136.83,0.08
1560394516802122802,136.83,0.03
1560394516902300820,136.83,-0.19
1560394517002510592,136.83,0.05
1560394517102704451,136.83,0.02
1560394517202899182,136.83,0.18
1560394517303097826,136.83,0
1560394517403292038,136.83,-0.01
1560394517503488026,136.83,0.18
1560394517603632953,136.83,0.03
1560394517703805015,136.83,0.09
1560394517804014862,136.83,0.1
1560394517904225591,136.84,0.38
1560394518004421141,136.84,0.16
1560394518104555530,136.84,-0.23
1560394518204696122,136.84,-0.21
1560394518304891816,136.84,0.09
1560394518405067154,136.84,0.11
1560394518505335162,136.84,0.01
1560394518605532823,136.84,0.02
1560394518705792715,136.84,0.17
1560394518806055131,136.84,-0.05
1560394518906208748,136.84,-0.1
1560394519006521182,136.84,0.07
1560394519106695798,136.84,0.18
1560394519206870704,136.84,0.01
1560394519307059491,136.84,-0.22
1560394519407235486,136.84,-0.25
1560394519507372990,136.84,0.04
1560394519607552968,136.84,-0.11
1560394519707707213,136.83,-0.24
1560394519807884455,136.83,-0.21
1560394519908020578,136.83,-0.11
1560394520008161348,136.83,-0.06
1560394520108454952,136.83,-0.1
1560394520208619819,136.83,-0.05
1560394520308810512,136.83,0.32
1560394520409009613,136.83,0.23
1560394520509212562,136.83,-0.03
1560394520609370316,136.83,0.02
1560394520709557492,136.83,0.14
1560394520809756230,136.84,0.08
1560394520909941375,136.84,-0.03
1560394521010129061,136.84,-0.16
1560394521110338004,136.83,-0.06
1560394521210484046,136.83,-0.27
1560394521310663939,136.83,-0.45
1560394521410834288,136.82,-0.52
1560394521511038702,136.82,-0.04
1560394521611258686,136.82,0.05
1560394521711426619,136.82,-0.1
1560394521811597581,136.82,-0.05
1560394521911830821,136.82,0.06
1560394522011991695,136.82,-0.05
1560394522112145779,136.82,0.1
1560394522212311548,136.82,0.1
1560394522312550040,136.82,0.16
1560394522412849397,136.82,-0.05
1560394522513105836,136.82,-0.1
1560394522613486106,136.82,-0.07
1560394522713899793,136.82,0.04
1560394522814332298,136.82,-0.03
1560394522914580511,136.82,-0.04
1560394523014957304,136.82,-0.05
1560394523115294228,136.82,0.19
1560394523215594620,136.82,0.02
1560394523315764945,136.82,0.08
1560394523415960139,136.82,0.16
1560394523516133459,136.83,0.06
1560394523616329665,136.83,-0.07
1560394523716499511,136.82,-0.08
1560394523816661156,136.82,0.14
1560394523916855456,136.83,0.21
1560394524017103503,136.83,0.13
1560394524117319668,136.83,0.27
1560394524217559985,136.83,0.46
1560394524317756603,136.84,0.51
1560394524417941305,136.84,0.17
1560394524518090181,136.84,0.05
1560394524618279719,136.85,0.52
1560394524718483181,136.85,0.65
1560394524818697724,136.86,0.48
1560394524918873540,136.86,0.19
1560394525019107139,136.86,0.06
1560394525119265125,136.86,-0.19
1560394525219487740,136.86,-0.27
1560394525319662187,136.86,-0.23
1560394525419810480,136.86,0.03
1560394525520004295,136.85,-0.11
1560394525620191526,136.85,-0.3
1560394525720385063,136.85,-0.36
1560394525820547706,136.85,0.09
1560394525920736546,136.85,-0.07
1560394526020886399,136.85,-0.13
1560394526121085589,136.85,-0.09
1560394526221222685,136.85,0.13
1560394526321448656,136.85,0.29
1560394526421588948,136.85,-0.08
1560394526521783966,136.85,0.02
1560394526621932019,136.85,0.23
1560394526722105573,136.85,-0.02
1560394526822288336,136.85,-0.05
1560394526922406608,136.85,-0.22
1560394527022528330,136.85,0.06
1560394527122653803,136.85,0.11
1560394527222794055,136.85,-0.1
1560394527322962089,136.85,-0.02
1560394527423122849,136.85,0.14
1560394527523332645,136.85,-0.12
1560394527623511169,136.85,-0.15
1560394527723675459,136.85,-0.07
1560394527823874767,136.85,0.15
1560394527924037178,136.85,0.11
1560394528024197684,136.85,-0.11
1560394528124394097,136.85,-0.18
1560394528224610463,136.85,-0.12
1560394528324822055,136.85,-0.01
1560394528425033499,136.85,0.04
1560394528525214841,136.85,0.14
1560394528625404997,136.85,0.22
1560394528725596097,136.85,0.01
1560394528825869706,136.85,0.03
1560394528926048864,136.85,0.16
1560394529026228005,136.85,0.21
1560394529126397063,136.85,0.08
1560394529226616780,136.85,-0.01
1560394529326782462,136.85,-0.08
1560394529426935573,136.85,-0.04
1560394529527177469,136.85,-0.22
1560394529627323311,136.85,-0.03
1560394529727534035,136.85,0
1560394529827676324,136.85,0.02
1560394529927876656,136.85,-0.19
1560394530028035617,136.85,-0.12
1560394530128243978,136.85,0
1560394530228623352,136.85,0.12
1560394530329045800,136.85,0.05
1560394530429266748,136.85,0.16
1560394530529485529,136.85,0.23
1560394530629666250,136.85,0.1
1560394530729823509,136.85,-0.15
1560394530832784636,136.85,-0.11
1560394530932911708,136.85,0.14
1560394531033043763,136.85,0.21
1560394531133229843,136.86,-0.01
1560394531233399001,136.85,-0.1
1560394531333638698,136.85,0.08
1560394531433850000,136.86,0.04
1560394531533990191,136.85,-0.07
1560394531634114738,136.85,0
1560394531734291357,136.86,0.18
1560394531834510680,136.86,-0.06
1560394531934673503,136.85,-0.29
1560394532034848867,136.85,-0.29
1560394532135015404,136.85,0.02
1560394532235178679,136.85,-0.01
1560394532335325781,136.85,-0.22
1560394532435516480,136.85,-0.43
1560394532535709097,136.84,-0.07
1560394532635862586,136.84,0.06
1560394532736057271,136.84,-0.04
1560394532836246930,136.84,0.16
1560394532936455047,136.85,0.27
1560394533036655609,136.85,0.18
1560394533136805148,136.85,-0.09
1560394533237017816,136.85,-0.19
1560394533337296283,136.85,-0.02
1560394533437513490,136.85,0
1560394533537653483,136.85,-0.16
1560394533637834070,136.84,-0.02
1560394533738008785,136.84,0.13
1560394533838167005,136.85,-0.02
1560394533938315187,136.84,-0.26
1560394534038509597,136.84,-0.08
1560394534138658653,136.84,0.4
1560394534238835862,136.85,0.21
1560394534339042932,136.85,0.16
1560394534439250672,136.85,0.05
1560394534539413988,136.85,-0.09
1560394534639593190,136.85,-0.11
1560394534739751548,136.85,-0.07
1560394534840003142,136.85,-0.12
1560394534940207428,136.85,0.05
1560394535040394652,136.85,-0.15
1560394535140599517,136.84,-0.06
1560394535240816835,136.84,-0.1
1560394535340964641,136.84,0.18
1560394535441217496,136.85,0.09
1560394535541478450,136.85,-0.03
1560394535641665114,136.85,-0.03
1560394535741812598,136.85,0.02
1560394535842279538,136.85,-0.09
1560394535942424428,136.85,0.05
1560394536042650734,136.85,0.07
1560394536142833872,136.85,0.14
1560394536243102238,136.85,-0.01
1560394536343332007,136.85,-0.07
1560394536443575103,136.85,0.13
1560394536543975613,136.85,0.23
1560394536644468576,136.85,0.08
1560394536744884970,136.85,0.1
1560394536845228032,136.85,-0.01
1560394536945439474,136.85,-0.17
1560394537045654672,136.85,-0.22
1560394537146023779,136.85,-0.31
1560394537246312876,136.84,-0.06
1560394537346530957,136.85,0.21
1560394537446714827,136.85,-0.04
1560394537546932225,136.85,-0.12
1560394537647151096,136.85,0.11
1560394537747348993,136.85,0.1
1560394537847575956,136.85,-0.07
1560394537947761478,136.85,0.19
1560394538047896807,136.85,0.24
1560394538148079684,136.85,0.09
1560394538248273354,136.85,-0.13
1560394538348478159,136.85,-0.1
1560394538448654821,136.85,0.1
1560394538548862311,136.85,0.2
1560394538649031982,136.85,0.04
1560394538749232048,136.85,-0.13
1560394538849461307,136.85,0.17
1560394538949648294,136.85,0.1
1560394539049868490,136.85,-0.11
1560394539150007237,136.85,0.07
1560394539250202998,136.86,0.45
1560394539350379697,136.86,0.14
1560394539450539972,136.86,-0.09
1560394539550735469,136.86,-0.17
1560394539650952988,136.86,0.05
1560394539751131381,136.86,-0.06
1560394539851341820,136.86,-0.13
1560394539951518290,136.86,-0.06
1560394540051676649,136.86,0.27
1560394540151860295,136.86,0.08
1560394540252010125,136.86,-0.15
1560394540352197867,136.86,-0.2
1560394540452439826,136.86,0.17
1560394540552647154,136.86,0.12
1560394540652852503,136.86,-0.17
1560394540753044255,136.86,-0.23
1560394540853261401,136.85,-0.17
1560394540953412313,136.85,-0.25
1560394541053570855,136.85,-0.2
1560394541153752842,136.85,-0.08
1560394541253941756,136.85,-0.02
1560394541354103429,136.85,0.06
1560394541454286167,136.85,0.12
1560394541554465759,136.85,0.15
1560394541654633477,136.85,0.38
1560394541754790848,136.86,0.24
1560394541854980512,136.86,0.06
1560394541955142108,136.86,0.03
1560394542055299945,136.86,0.03
1560394542155504270,136.86,-0.07
1560394542255629166,136.86,-0.14
1560394542355795851,136.85,-0.18
1560394542455902491,136.85,-0.09
1560394542556081861,136.85,-0.25
1560394542656208721,136.85,-0.04
1560394542756321889,136.85,0.01
1560394542856481274,136.85,0.17
1560394542956654252,136.85,0.17
1560394543056860332,136.85,0.21
1560394543157034812,136.86,0.25
1560394543257208594,136.86,0.17
1560394543357381041,136.86,-0.24
1560394543457575950,136.86,-0.16
1560394543557761763,136.86,-0.08
1560394543657921443,136.85,-0.01
1560394543758152126,136.85,-0.23
1560394543858362850,136.85,-0.29
1560394543958576172,136.85,-0.07
1560394544058876022,136.85,0
1560394544159124302,136.85,-0.05
1560394544259373649,136.85,0.16
1560394544359782680,136.85,0.41
1560394544460268812,136.86,0.32
1560394544560657067,136.86,0.05
1560394544660944991,136.86,0
1560394544761267794,136.86,0.12
1560394544861469254,136.86,0.04
1560394544961682828,136.86,-0.21
1560394545061957720,136.86,-0.37
1560394545162193805,136.85,-0.17
1560394545262371036,136.85,-0.07
1560394545362544527,136.85,-0.11
1560394545462726474,136.85,-0.02
1560394545562919440,136.85,0.28
1560394545663177181,136.86,0.25
1560394545763393330,136.86,0.16
1560394545863610991,136.86,0.41
1560394545963793571,136.87,0.37
1560394546063962087,136.87,0.14
1560394546164192682,136.87,0
1560394546264371385,136.87,0.06
1560394546364680101,136.87,-0.21
1560394546464888414,136.86,-0.23
1560394546565061050,136.86,0
1560394546665197228,136.86,0.12
1560394546765343347,136.87,0.01
1560394546865472497,136.86,-0.02
1560394546965662363,136.87,0.19
1560394547065921176,136.87,-0.01
1560394547166086677,136.87,0.17
1560394547266246737,136.87,0.4
1560394547366374288,136.88,0.46
1560394547466561916,136.88,0.2
1560394547566760040,136.88,0.04
1560394547666970708,136.88,0.54
1560394547767146653,136.89,0.42
1560394547867341394,28.25,-0.01
1560394547967480582,28.25,-0.03
1560394548067720049,28.25,0.02
1560394548167907831,28.25,0.02
1560394548268120167,28.25,-0.05
1560394548368280387,28.25,0.04
1560394548468439727,28.25,0.01
1560394548568580739,28.25,0.01
1560394548668739858,28.25,0.04
1560394548768911683,28.26,-0.01
1560394548869048122,28.26,0.01
1560394548969202076,28.25,-0.05
1560394549069355558,28.25,-0.01
1560394549169506052,28.25,0
1560394549269733379,28.25,0
1560394549369930668,28.25,0.04
1560394549470089142,28.26,0.03
1560394549570235850,28.26,0.01
1560394549670374937,28.26,0
1560394549770577668,28.26,-0.06
1560394549870759219,28.25,-0.01
1560394549970911290,28.25,0
1560394550071106981,28.25,-0.02
1560394550171364035,28.25,0.04
1560394550271512890,28.25,-0.04
1560394550371683743,28.25,0.02
1560394550471840404,28.25,0.02
1560394550571987414,28.25,0
1560394550672142524,28.25,0.03
1560394550772376333,28.26,0.02
1560394550872566562,28.26,-0.01
1560394550972733050,28.26,0
1560394551072917179,28.26,-0.01
1560394551173054888,28.26,0.02
1560394551273254212,28.26,-0.02
1560394551373414759,28.26,0.03
1560394551473632424,28.26,0
1560394551573813271,28.26,-0.03
1560394551674114707,28.26,0.02
1560394551774433073,28.26,-0.04
1560394551874669939,28.25,-0.06
1560394551975034099,28.25,-0.02
1560394552075394197,28.25,-0.01
1560394552175650569,28.25,-0.01
1560394552275830138,28.25,0
1560394552376159368,28.25,0
1560394552476474060,28.25,0.09
1560394552576682881,28.25,0.02
1560394552676860019,28.26,0.02
1560394552777110282,28.25,-0.03
1560394552877299734,28.25,0
1560394552977520716,28.25,0.02
1560394553077681879,28.26,0.02
1560394553177894605,28.26,-0.04
1560394553278129817,28.25,0
1560394553378282642,28.25,0.01
1560394553478471224,28.25,-0.01
1560394553578634586,28.26,0.05
1560394553678835145,28.26,0.03
1560394553778996219,28.26,-0.11
1560394553879148147,28.26,0.06
1560394553979305406,28.26,-0.02
1560394554079460125,28.25,-0.03
1560394554179756782,28.25,0.03
1560394554279958745,28.26,0.03
1560394554380161075,28.26,-0.09
1560394554480335585,28.25,0
1560394554580535016,28.25,0.07
1560394554680715086,28.26,-0.02
1560394554780913037,28.25,-0.1
1560394554881097450,28.26,1.4
1560394554981267932,28.29,3.61
1560394555081434118,28.33,5.87
1560394555181634708,28.4,8.21
1560394555281775850,28.5,10.45
1560394555382090276,28.61,12.54
1560394555482277458,28.75,14.45
1560394555582449864,28.9,15.87
1560394555682659803,29.06,16.86
1560394555782819053,29.23,17.48
1560394555882995698,29.41,17.4
1560394555983165218,29.58,17.43
1560394556083331150,29.75,16.78
1560394556183566232,29.92,15.8
1560394556283732812,30.07,15.15
1560394556383906105,30.22,14.21
1560394556484128859,30.35,12.78
1560394556584306418,30.48,12.34
1560394556684490304,30.6,11.95
1560394556784693332,30.72,11.6
1560394556884896468,30.83,11.36
1560394556985033310,30.95,11.41
1560394557085200356,31.06,11.57
1560394557185386399,31.18,11.59
1560394557285579773,31.29,11.58
1560394557385758465,31.41,11.91
1560394557485917818,31.53,12.39
1560394557586103083,31.66,12.98
1560394557686298710,31.79,13.41
1560394557786466818,31.93,14.01
1560394557886621736,32.07,14.6
1560394557986781052,32.22,14.81
1560394558086990615,32.37,14.94
1560394558187189645,32.52,14.83
1560394558287319737,32.66,14.76
1560394558387491850,32.81,14.65
1560394558487683123,32.96,14.27
1560394558587902985,33.1,13.92
1560394558688066011,33.23,13.51
1560394558788289923,33.37,13
1560394558888440533,33.49,12.51
1560394558988608321,33.62,12.2
1560394559088781189,33.74,12.1
1560394559188988388,33.86,12.07
1560394559289180391,33.98,12.28
1560394559389442105,34.11,12.65
1560394559489702416,34.23,12.95
1560394559590010021,34.36,12.97
1560394559690200491,34.49,13.1
1560394559790393145,34.63,13.48
1560394559890656970,34.76,13.69
1560394559990848953,34.9,13.8
1560394560091221875,35.04,13.98
1560394560191583893,35.18,14.2
1560394560291889696,35.32,14.03
1560394560392109768,35.46,13.92
1560394560492244128,35.6,13.4
1560394560592359327,35.73,13.35
1560394560692510506,35.86,12.66
1560394560792698431,35.98,11.63
1560394560892868297,36.09,10.63
1560394560993047084,36.19,9.32
1560394561093205870,36.28,7.92
1560394561193375871,36.35,6.16
1560394561293652618,36.4,4.74
1560394561393825084,36.44,2.85
1560394561493962618,36.46,1.39
1560394561594152519,36.47,0.27
1560394561694330071,36.47,-1.31
1560394561794504634,36.45,-2.7
1560394561894765751,36.42,-3.3
1560394561995007628,36.38,-3.78
1560394562095240100,36.34,-3.71
1560394562195451321,36.31,-3.23
1560394562295676425,36.28,-2.33
1560394562395860569,36.26,-1.37
1560394562496059128,36.25,-0.39
1560394562596241070,36.25,0.62
1560394562696419608,36.26,1.3
1560394562796553677,36.28,1.81
1560394562896677465,36.3,2.08
1560394562996887034,36.32,2
1560394563097016510,36.34,1.85
1560394563197180512,36.36,1.43
1560394563297331897,36.37,1.01
1560394563397495184,36.38,0.59
1560394563497683606,36.38,-0.09
1560394563597864110,36.38,-0.42
1560394563698048107,36.37,-0.54
1560394563798244011,36.36,-0.73
1560394563898427551,36.36,-0.84
1560394563998572724,36.35,-0.91
1560394564098753587,36.34,-0.95
1560394564198889234,36.33,-0.93
1560394564299087474,36.32,-0.84
1560394564399271754,36.31,-0.69
1560394564499424692,36.31,-0.56
1560394564599577830,36.3,-0.17
1560394564699761443,36.3,0.12
1560394564799920914,36.31,0.44
1560394564900059834,36.31,0.53
1560394565000253548,36.32,0.76
1560394565100454371,36.33,0.96
1560394565200592167,36.34,1.05
1560394565300750682,36.35,1.04
1560394565400925678,36.36,0.89
1560394565501102619,36.36,0.7
1560394565601317055,36.37,0.37
1560394565701498387,36.37,-0.13
1560394565801711083,36.37,-0.41
1560394565901904443,36.36,-0.67
1560394566002057182,36.35,-0.84
1560394566102186998,36.35,-1.06
1560394566202328326,36.33,-0.96
1560394566302478483,36.33,-0.84
1560394566402645966,36.32,-0.62
1560394566502840812,36.32,-0.06
1560394566603022731,36.32,0.29
1560394566703211703,36.32,0.43
1560394566803377524,36.33,0.58
1560394566903580411,36.33,0.68
1560394567003746798,36.34,0.79
1560394567103969876,36.35,0.73
1560394567204163995,36.35,0.54
1560394567304363147,36.36,0.17
1560394567404549049,36.36,-0.16
1560394567504748734,36.35,-0.29
1560394567604986008,36.35,-0.38
1560394567705293757,36.35,-0.38
1560394567805547061,36.34,-0.42
1560394567905712808,36.34,-0.43
1560394568005894650,36.33,-0.38
1560394568106221541,36.33,-0.12
1560394568206454979,36.33,-0.02
1560394568306851933,36.33,0.12
1560394568407032406,36.33,0.22
1560394568507282722,36.34,0.17
1560394568607428506,36.34,0.15
1560394568707605517,36.34,0.12
1560394568807805298,36.34,0.12
1560394568908099511,36.34,0.02
1560394569008250651,36.34,-0.03
1560394569108444419,36.34,-0.12
1560394569208624030,36.34,-0.05
1560394569308824485,36.34,-0.06
1560394569409003285,36.34,-0.05
1560394569509214063,36.34,-0.12
1560394569609401703,36.34,-0.01
1560394569709613848,36.34,-0.03
1560394569809819326,36.34,0
1560394569909994511,36.34,0
1560394570010156192,36.34,0.03
1560394570110336495,36.34,-0.05
1560394570210505999,36.34,0.06
1560394570310663415,36.34,0.03
1560394570410836365,36.34,0.05
1560394570511063573,36.34,0
1560394570611278194,36.34,0.01
1560394570711487455,36.34,0.07
1560394570811673591,36.34,-0.03
1560394570911875801,36.34,0
1560394571012148457,36.34,-0.04
1560394571112295539,36.34,0
1560394571212519284,36.34,-0.1
1560394571312704245,36.34,-0.02
1560394571412822202,36.34,-0.06
1560394571512976654,36.33,-0.05
1560394571613142681,36.33,-0.04
1560394571713294651,36.33,0.06
1560394571813457723,36.34,0.03
1560394571913612499,36.34,0.07
1560394572013735253,36.34,0.08
1560394572113884457,36.34,0.03
1560394572214093551,36.34,0.08
1560394572314290911,36.34,0.03
1560394572414415911,36.34,0.07
1560394572514547691,36.34,0.01
1560394572614685378,36.34,-0.09
1560394572715073900,36.34,-0.06
1560394572815440480,36.34,-0.07
1560394572915677528,36.34,-0.12
1560394573015880474,36.34,0
1560394573116067334,36.34,-0.09
1560394573216257894,36.33,-0.01
1560394573316374738,36.33,-0.02
1560394573416553984,36.33,0.05
1560394573516729760,36.34,0.08
1560394573616901655,36.34,0.02
1560394573717049811,36.34,0.06
1560394573817199045,36.34,0.09
1560394573917376953,36.34,0.13
1560394574017520593,36.34,0.45
1560394574117676451,36.35,0.96
1560394574217873979,36.36,1.77
1560394574318066195,36.38,1.76
1560394574418272355,36.39,1.12
1560394574518443535,36.4,0.95
1560394574618588718,36.41,0.8
1560394574718757657,36.42,0.7
1560394574818995245,36.43,0.39
1560394574919200292,36.43,0.21
1560394575019525558,36.43,0.12
1560394575119786507,36.43,-0.13
1560394575220055783,36.43,-0.49
1560394575320376217,36.42,-0.49
1560394575420782881,36.42,-0.14
1560394575521045333,36.42,-0.62
1560394575621397393,36.41,-0.63
1560394575721642101,36.41,0.18
1560394575821966465,36.41,-0.36
1560394575922231831,36.4,-0.43
1560394576022642797,36.4,0.19
1560394576122945902,36.4,0.11
1560394576223104687,36.4,0.16
1560394576323279068,36.41,0.19
1560394576423742219,36.41,0.06
1560394576523928586,36.41,0.52
1560394576624076419,36.41,0.56
1560394576724236016,36.42,0.62
1560394576824450601,36.43,0.83
1560394576924645798,36.44,0.89
1560394577024798295,36.44,0.63
1560394577124988378,36.45,0.46
1560394577225188832,36.45,0.6
1560394577325388458,36.46,0.48
1560394577425553310,36.46,0.07
1560394577525708227,36.46,-0.11
1560394577625906025,36.46,-0.34
1560394577726092197,36.46,-0.38
1560394577826248160,36.45,-0.62
1560394577926420350,36.45,-0.6
1560394578026595795,36.44,-0.54
1560394578126825392,36.44,-0.5
1560394578227044308,36.43,-0.58
1560394578327273503,36.42,-0.57
1560394578427443899,36.42,-0.01
1560394578527630896,36.42,0.26
1560394578627861550,36.42,0.21
1560394578728092740,36.43,0.25
1560394578828307218,36.43,0.31
1560394578928483058,36.43,0.52
1560394579028638214,36.44,0.11
1560394579128894367,36.44,-0.2
1560394579229041840,36.44,0.19
1560394579329274392,36.44,-0.08
1560394579429448979,36.43,-0.38
1560394579529608832,36.43,-0.16
1560394579629745920,36.43,-0.26
1560394579729908719,36.43,-0.13
1560394579830124549,36.43,0.02
1560394579930314908,36.43,-0.37
1560394580030499032,36.42,-0.17
1560394580130640780,36.42,-0.07
1560394580230831690,36.42,-0.04
1560394580330983417,36.42,-0.09
1560394580431124905,36.42,-0.22
1560394580531270902,36.42,-0.25
1560394580631446386,36.41,-0.6
1560394580731625098,36.41,-0.4
1560394580831834254,36.4,-0.38
1560394580931979863,36.4,-0.41
1560394581032135087,36.4,-0.05
1560394581132288273,36.4,0.11
1560394581232503034,36.4,0.21
1560394581332663900,36.4,0.22
1560394581432864815,36.4,0.05
1560394581533027099,36.4,0.13
1560394581633193534,36.41,0.22
1560394581733364188,36.41,0.13
1560394581833551634,36.41,0.09
1560394581933753446,36.41,-0.01
1560394582033940897,36.41,-0.08
1560394582134118268,36.41,-0.47
1560394582234303255,36.4,-0.4
1560394582334476230,36.4,-0.1
1560394582434764482,36.4,0.1
1560394582534991976,36.4,-0.1
1560394582635354501,36.4,-0.18
1560394582735717105,36.4,0.04
1560394582835959658,36.4,0.29
1560394582936096750,36.4,0.06
1560394583036265079,36.4,0.2
1560394583136642738,36.4,0.25
1560394583237095115,36.41,0.11
1560394583337275527,36.41,-0.06
1560394583437519619,36.4,-0.21
1560394583537759018,36.4,0.03
1560394583637946080,36.4,0.02
1560394583738180005,36.4,-0.32
1560394583838361121,36.4,-0.28
1560394583938549568,36.4,-0.41
1560394584038688887,36.39,-0.2
1560394584138846409,36.39,-0.38
1560394584239040463,36.39,-0.15
1560394584339274058,36.39,0.25
1560394584439479026,36.39,0.29
1560394584539748953,36.39,0.2
1560394584639929661,36.39,0.15
1560394584740100986,36.4,0.23
1560394584840276130,36.4,0.5
1560394584940459710,36.4,0.43
1560394585040649179,36.41,0.18
1560394585140850965,36.41,0.13
1560394585241057548,36.41,0.1
1560394585341277900,36.41,-0.29
1560394585441459566,36.41,-0.28
1560394585541636453,36.4,-0.14
1560394585641885018,36.4,-0.11
1560394585742087894,36.4,-0.53
1560394585842289805,36.39,-0.47
1560394585942479547,36.39,-0.11
1560394586042681698,36.39,0.08
1560394586142804189,36.39,0.11
1560394586242966578,36.39,0.11
1560394586343116752,36.4,0.15
1560394586443252397,36.4,0.09
1560394586543405917,36.4,-0.11
1560394586643618561,36.4,-0.09
1560394586743774088,36.39,-0.08
1560394586843991909,36.39,-0.11
1560394586944187175,36.39,-0.44
1560394587044335079,36.39,-0.41
1560394587144536489,36.38,-0.17
1560394587244712180,36.38,-0.11
1560394587344916476,36.38,0.04
1560394587445061726,36.38,0.21
1560394587545244765,36.39,0.38
1560394587645414709,36.39,0.28
1560394587745542841,36.39,0.06
1560394587845729721,36.39,0.08
1560394587945901025,36.39,0.39
1560394588046080735,36.4,0.36
1560394588146256775,36.4,0.12
1560394588246445548,36.4,0.16
1560394588346601285,36.4,0.05
1560394588446777532,36.4,-0.16
1560394588546931608,36.4,-0.17
1560394588647131775,36.4,0.11
1560394588747275907,36.4,0.41
1560394588847528649,36.41,0.08
1560394588947745456,36.41,-0.07
1560394589047901768,36.41,0.04
1560394589148051191,36.41,-0.08
1560394589248204269,36.4,-0.29
1560394589348363884,36.4,-0.31
1560394589448463168,36.4,-0.16
1560394589548734063,36.4,-0.14
1560394589648966720,36.39,-0.58
1560394589749133240,36.39,-0.73
1560394589849295698,36.38,-0.53
1560394589949459531,36.37,-0.59
1560394590049609493,36.37,-0.66
1560394590149825543,36.36,-0.6
1560394590250055280,36.36,-0.52
1560394590350328257,36.35,-0.03
1560394590450531184,36.35,-0.16
1560394590550820894,36.35,-0.51
1560394590651122570,36.35,-0.17
1560394590751469909,36.34,-0.08
1560394590851830877,36.34,-0.38
1560394590952092069,36.34,-0.4
1560394591052250738,36.33,-0.42
1560394591152446667,36.33,0.08
1560394591252643852,36.33,0
1560394591352941977,36.33,-0.09
1560394591453169049,36.33,0.09
1560394591553355033,36.33,0.03
1560394591653564982,36.33,-0.11
1560394591753737133,36.33,0.01
1560394591853937768,36.33,0.1
1560394591954119408,36.33,0.19
1560394592054260403,36.33,-0.17
1560394592154446553,36.33,-0.23
1560394592254661981,36.33,-0.01
1560394592354845445,36.33,0.07
1560394592455055386,36.33,0.11
1560394592555231805,36.33,0.24
1560394592655389294,36.34,0.22
1560394592755574396,36.34,0.14
1560394592855726759,36.34,-0.04
1560394592955908057,36.34,0.06
1560394593056096658,36.34,0.1
1560394593156297272,36.34,0.07
1560394593256480918,36.34,-0.05
1560394593356695100,36.34,-0.13
1560394593456878221,36.34,-0.05
1560394593557227310,36.34,-0.19
1560394593657574808,36.34,-0.15
1560394593757782792,36.34,0.06
1560394593857942393,36.34,0.13
1560394593958126191,36.34,0.05
1560394594058299185,36.34,-0.12
1560394594158493587,36.34,0.03
1560394594258679505,36.34,0.15
1560394594358851466,36.34,0.13
1560394594459023260,36.34,0.01
1560394594559260808,36.34,0.11
1560394594659450483,36.34,0.08
1560394594759635822,36.34,-0.14
1560394594859801797,36.34,-0.23
1560394594960037127,36.34,-0.02
1560394595060254942,36.34,0.27
1560394595160475154,36.34,0.14
1560394595260652942,36.34,-0.13
1560394595360845528,36.34,-0.05
1560394595460985549,36.34,0.1
1560394595561180042,36.34,-0.03
1560394595661343079,36.34,0
1560394595761515213,36.34,0.08
1560394595861688279,36.34,0.07
1560394595961811056,36.34,-0.2
1560394596061981005,36.34,-0.24
1560394596162149681,36.34,-0.15
1560394596262303974,36.34,0.11
1560394596362470654,36.34,-0.15
1560394596462607166,36.33,-0.32
1560394596562735525,36.33,-0.21
1560394596662905218,36.33,0.12
1560394596763122109,36.33,-0.08
1560394596863256391,36.33,-0.36
1560394596963428939,36.33,0.1
1560394597063606026,36.33,0.12
1560394597163792531,36.33,-0.08
1560394597263919173,36.33,-0.08
1560394597364095873,36.33,-0.1
1560394597464277926,36.33,-0.03
1560394597564460175,36.33,0.08
1560394597664602191,36.33,-0.17
1560394597764782322,36.33,-0.11
1560394597865022094,36.32,0
1560394597965281101,36.32,-0.4
1560394598065467908,36.32,-0.52
1560394598165690670,36.32,-0.08
1560394598266051478,36.32,0.12
1560394598366434248,36.32,-0.17
1560394598466663220,36.31,-0.07
1560394598566895970,36.31,0.18
1560394598667197943,36.32,0.05
1560394598767386298,36.32,0
1560394598867625766,36.32,0.14
1560394598967839577,36.32,0.08
1560394599068048169,36.32,0.11
1560394599168285860,36.32,-0.1
1560394599268488661,36.32,-0.03
1560394599368684315,36.32,0.06
1560394599468875869,36.32,-0.17
1560394599569102715,36.32,-0.07
1560394599669303935,36.32,0.12
1560394599769493108,36.32,0.05
1560394599869737835,36.32,0.22
1560394599969883154,36.32,0.4
1560394600070078153,36.33,0.38
1560394600170287938,36.33,0.08
1560394600270487400,36.33,0.19
1560394600370653230,36.33,0.14
1560394600470833846,36.33,0.27
1560394600571082458,36.34,0.03
1560394600671281354,36.34,0.08
1560394600771456885,36.34,-0.33
1560394600871603659,36.33,-0.36
1560394600971753206,36.33,-0.11
1560394601071880485,36.33,0.2
1560394601172081743,36.33,0.12
1560394601272329118,36.33,-0.18
1560394601372465810,30.71,-13.23
1560394601472613660,30.57,-13.4
1560394601572765709,30.44,-13.47
1560394601672958204,30.3,-13.46
1560394601773149743,30.17,-13.57
1560394601873308765,30.03,-13.79
1560394601973493771,29.89,-13.9
1560394602073693359,29.75,-13.78
1560394602173896324,29.62,-13.82
1560394602274072164,29.48,-14.01
1560394602374260809,29.34,-13.85
1560394602474415484,29.2,-13.61
1560394602574611785,29.07,-13.46
1560394602674813041,28.93,-13.53
1560394602774990763,28.8,-13.55
1560394602875175974,28.66,-13.55
1560394602975357318,28.52,-13.65
1560394603075530360,28.39,-13.53
1560394603175687337,28.25,-13.46
1560394603275909818,28.12,-13.26
1560394603376089228,27.99,-13.01
1560394603476297145,27.86,-13.13
1560394603576483122,27.73,-13.17
1560394603676636948,27.59,-13.17
1560394603776833816,27.46,-13.17
1560394603877024672,27.33,-13.28
1560394603977184757,27.2,-13.41
1560394604077330241,27.06,-13.33
1560394604177594031,26.93,-13.43
1560394604277776009,26.79,-13.74
1560394604377995385,26.65,-13.97
1560394604478163815,26.52,-13.95
1560394604578300213,26.38,-14
1560394604678441460,26.24,-13.91
1560394604778647205,26.1,-13.86
1560394604878869300,25.96,-13.72
1560394604979100722,25.82,-13.61
1560394605079319132,25.69,-13.55
1560394605179455756,25.55,-13.57
1560394605279682451,25.42,-13.49
1560394605379880930,25.28,-13.52
1560394605480069041,25.15,-13.31
1560394605580251845,25.01,-13.08
1560394605680486591,24.88,-13.12
1560394605780766003,24.75,-13.02
1560394605881084128,24.62,-13.07
1560394605981362526,24.49,-13.21
1560394606081669871,24.36,-13.34
1560394606181845420,24.22,-13.43
1560394606282031379,24.09,-13.43
1560394606382194070,23.96,-13.35
1560394606482330221,23.82,-13.43
1560394606582509999,23.69,-13.6
1560394606682637501,23.55,-13.58
1560394606782944446,23.42,-13.58
1560394606883136212,23.28,-13.84
1560394606983303331,23.14,-14.05
1560394607083491550,23,-13.81
1560394607183705775,22.86,-13.69
1560394607283841349,22.73,-13.76
1560394607384016963,22.59,-13.82
1560394607484218975,22.45,-13.78
1560394607584439491,22.31,-13.61
1560394607684655127,22.18,-13.66
1560394607784829516,22.04,-13.69
1560394607885031692,21.9,-13.47
1560394607985244927,21.77,-13.17
1560394608085429268,21.64,-13.1
1560394608185643222,21.51,-13.12
1560394608285836380,21.38,-13.08
1560394608386019199,21.25,-12.93
1560394608486215784,21.12,-12.88
1560394608586470371,20.99,-13.01
1560394608686640470,20.86,-12.99
1560394608786819098,20.73,-12.78
1560394608886955371,20.6,-12.8
1560394608987154094,20.47,-13.17
1560394609087339230,20.34,-13.35
1560394609187522502,20.21,-13.41
1560394609287653938,20.07,-13.67
1560394609387803233,19.93,-14.05
1560394609487948197,19.79,-13.52
1560394609588131837,19.66,-12.67
1560394609688286222,19.54,-11.76
1560394609788396247,19.43,-10.64
1560394609888552262,19.33,-8.76
1560394609988712298,19.25,-7.41
1560394610088888679,19.18,-6.03
1560394610189034411,19.13,-4
1560394610289177730,19.1,-2.67
1560394610389343786,19.08,-1.18
1560394610489531559,19.08,0.32
1560394610589711807,19.09,1.79
1560394610689870454,19.11,2.94
1560394610790055557,19.14,3.65
1560394610890181620,19.18,3.9
1560394610990334521,19.22,3.68
1560394611090545770,19.25,3.05
1560394611190748256,19.28,2.16
1560394611290943709,19.29,1.16
1560394611391112440,19.3,0.1
1560394611491312659,19.3,-0.76
1560394611591459793,19.29,-1.49
1560394611691662588,19.27,-2.03
1560394611791821225,19.25,-2.19
1560394611891989670,19.23,-2.07
1560394611992169786,19.21,-1.83
1560394612092346127,19.19,-1.32
1560394612192463553,19.18,-0.85
1560394612292575245,19.17,-0.35
1560394612392727744,19.17,0.26
1560394612492889489,19.18,0.45
1560394612593047188,19.18,0.78
1560394612693216902,19.19,0.91
1560394612793458858,19.2,0.97
1560394612893822403,19.21,1
1560394612994114076,19.22,0.86
1560394613094324342,19.23,0.82
1560394613194506151,19.24,0.65
1560394613294717263,19.24,0.49
1560394613394878750,19.25,0.08
1560394613495031721,19.24,-0.15
1560394613595216601,19.24,-0.31
1560394613695420914,19.24,-0.38
1560394613795585422,19.23,-0.61
1560394613895764679,19.23,-0.75
1560394613996022178,19.22,-0.87
1560394614096211319,19.21,-0.88
1560394614196442976,19.2,-0.72
1560394614296650012,19.2,-0.61
1560394614396875467,19.19,-0.13
1560394614497147803,19.19,-0.07
1560394614597612761,19.19,0.28
1560394614697851508,19.2,0.48
1560394614798038236,19.2,0.75
1560394614898249092,19.21,0.8
1560394614998477707,19.22,0.89
1560394615098653156,19.23,0.77
1560394615198961316,19.23,0.56
1560394615299190259,19.24,0.12
1560394615399326435,19.24,-0.2
1560394615499503894,19.23,-0.44
1560394615599686172,19.23,-0.5
1560394615699893987,19.22,-0.63
1560394615800036639,19.22,-0.67
1560394615900256614,19.21,-0.59
1560394616000423599,19.2,-0.49
1560394616100573401,19.2,-0.14
1560394616200753023,19.2,0.09
1560394616300917738,19.2,0.27
1560394616401089362,19.21,0.39
1560394616501276775,19.21,0.36
1560394616601458735,19.21,0.44
1560394616701638459,19.22,0.4
1560394616801806689,19.22,0.2
1560394616901998813,19.22,-0.02
